0
0.0998334
0.198669
0.29552
0.389418
0.479426
0.564642
0.644218
0.717356
0.783327
0.841471
0.891207
0.932039
0.963558
0.98545
0.997495
0.999574
0.991665
0.973848
0.9463
0.909297
0.863209
0.808496
0.745705
0.675463
0.598472
0.515502
0.42738
0.334989
0.23925
0.141121
0.0415815
-0.0583732
-0.157745
-0.25554
-0.350782
-0.442519
-0.529835
-0.611857
-0.687765
-0.756801
-0.818276
-0.871575
-0.916165
-0.951602
-0.97753
-0.993691
-0.999923
-0.996165
-0.982453
-0.958925
-0.925816
-0.883456
-0.832269
-0.772766
-0.705542
-0.631269
-0.550688
-0.464605
-0.37388
-0.279419
-0.182166
-0.0830929
0
0.0998334
0.198669
0.29552
0.389418
0.479426
0.564642
0.644218
0.717356
0.783327
0.841471
0.891207
0.932039
0.963558
0.98545
0.997495
0.999574
0.991665
0.973848
0.9463
0.909297
0.863209
0.808496
0.745705
0.675463
0.598472
0.515502
0.42738
0.334989
0.23925
0.141121
0.0415815
-0.0583732
-0.157745
-0.25554
-0.350782
-0.442519
-0.529835
-0.611857
-0.687765
-0.756801
-0.818276
-0.871575
-0.916165
-0.951602
-0.97753
-0.993691
-0.999923
-0.996165
-0.982453
-0.958925
-0.925816
-0.883456
-0.832269
-0.772766
-0.705542
-0.631269
-0.550688
-0.464605
-0.37388
-0.279419
-0.182166
-0.0830929
0
0.0998334
0.198669
0.29552
0.389418
0.479426
0.564642
0.644218
0.717356
0.783327
0.841471
0.891207
0.932039
0.963558
0.98545
0.997495
0.999574
0.991665
0.973848
0.9463
0.909297
0.863209
0.808496
0.745705
0.675463
0.598472
0.515502
0.42738
0.334989
0.23925
0.141121
0.0415815
-0.0583732
-0.157745
-0.25554
-0.350782
-0.442519
-0.529835
-0.611857
-0.687765
-0.756801
-0.818276
-0.871575
-0.916165
-0.951602
-0.97753
-0.993691
-0.999923
-0.996165
-0.982453
-0.958925
-0.925816
-0.883456
-0.832269
-0.772766
-0.705542
-0.631269
-0.550688
-0.464605
-0.37388
-0.279419
-0.182166
-0.0830929
