0
0.581985
0.94654
0.957467
0.610684
0.0357488
-0.552542
-0.934403
-0.96717
-0.638602
-0.0714519
0.522393
0.921071
0.975636
0.665704
0.107064
-0.491575
-0.906562
-0.982856
-0.691955
-0.142539
0.46013
0.890894
0.988819
0.717321
0.177831
-0.428096
-0.874087
-0.993518
-0.74177
-0.212897
0.395515
0.856162
0.996947
0.765271
0.24769
-0.362429
-0.837143
-0.999101
-0.787794
-0.282166
0.328879
0.817054
0.999978
0.809309
0.316282
-0.294908
-0.795921
-0.999577
-0.82979
-0.349994
0.260561
0.77377
0.997897
0.84921
0.383258
-0.22588
-0.750629
-0.994943
-0.867545
-0.416032
0.190911
0.726529
0.990716
0.88477
0.448274
-0.155698
-0.701501
-0.985223
-0.900865
-0.479943
0.120285
0.675575
0.97847
0.915807
0.510999
-0.0847193
-0.648786
-0.970466
-0.929579
-0.541401
0.0490449
0.621168
0.961222
0.942163
0.571111
-0.0133078
-0.592755
-0.950749
-0.953542
-0.600092
-0.0224464
0.563585
0.93906
0.963702
0.628305
0.0581718
-0.533694
-0.926171
-0.97263
-0.655714
-0.0938229
0.503121
0.912098
0.980315
0.682286
0.129354
-0.471905
-0.896859
-0.986747
-0.707985
-0.16472
0.440085
0.880474
0.991917
0.732779
0.199875
-0.407703
-0.862963
-0.995819
-0.756637
-0.234775
0.374799
0.844348
0.998448
0.779527
0.269374
-0.341417
-0.824655
-0.999801
-0.801421
-0.303629
0.307598
0.803907
0.999875
0.82229
0.337496
-0.273386
-0.782131
-0.998672
-0.842108
-0.370932
0.238824
0.759356
0.996191
0.860849
0.403893
-0.203957
-0.735609
-0.992437
-0.87849
-0.436338
0.168829
0.710923
0.987415
0.895008
0.468226
-0.133486
-0.685327
-0.98113
-0.910382
-0.499514
0.0979717
0.658856
0.97359
0.924591
0.530164
-0.0623323
-0.631542
-0.964807
-0.937619
-0.560137
0.0266132
0.60342
0.954789
0.949449
0.589393
0.00913996
-0.574528
-0.943552
-0.960064
-0.617896
-0.0448814
0.544901
0.931108
0.969452
0.645609
0.0805655
-0.514577
-0.917473
-0.977601
-0.672496
-0.116147
0.483596
0.902666
0.9845
0.698524
0.151579
-0.451996
-0.886705
-0.990141
-0.723659
-0.186818
0.419818
0.86961
0.994515
0.747869
0.221818
-0.387104
-0.851404
-0.997619
-0.771122
-0.256535
0.353895
0.832109
0.999447
0.79339
0.290923
-0.320233
-0.81175
-0.999997
-0.814644
-0.32494
0.286162
0.790354
0.999269
0.834856
0.358541
-0.251726
-0.767947
-0.997263
-0.854001
-0.391684
0.216967
0.744559
0.993983
0.872054
0.424326
-0.181931
-0.720219
-0.989432
-0.888993
-0.456425
0.146663
0.694958
0.983616
0.904795
0.487942
-0.111207
-0.668808
-0.976542
-0.91944
-0.518834
0.0756087
0.641804
0.968221
0.93291
0.549063
-0.0399139
-0.613979
-0.958661
-0.945187
-0.57859
0.00416806
0.585369
0.947876
0.956256
0.607378
0.0315831
-0.556011
-0.935879
-0.966102
-0.635389
-0.0672939
0.525942
0.922686
0.974714
0.662588
0.102919
-0.495201
-0.908313
-0.982079
-0.688939
-0.138412
0.463827
0.892779
0.988189
0.71441
0.173728
-0.431859
-0.876104
-0.993035
-0.738968
-0.208822
0.39934
0.858308
0.996612
0.762581
0.243649
-0.36631
-0.839416
-0.998915
-0.785219
-0.278165
0.332812
0.81945
0.999941
0.806854
0.312325
-0.298888
-0.798437
-0.999689
-0.827457
-0.346086
0.264583
0.776403
0.998159
0.847002
0.379404
-0.229939
-0.753377
-0.995353
-0.865464
-0.412238
0.195001
0.729387
0.991274
0.88282
0.444544
-0.159814
-0.704465
-0.985928
-0.899047
-0.476282
0.124422
0.678642
0.979321
0.914125
0.507411
-0.0888717
-0.651952
-0.971463
-0.928035
-0.537892
0.0532075
0.624429
0.962363
0.940758
0.567685
-0.0174753
-0.596107
-0.952032
-0.952278
-0.596752
-0.0182792
0.567023
0.940485
0.962581
0.625056
0.0540103
-0.537214
-0.927735
-0.971654
-0.652562
-0.0896724
0.506719
0.913799
0.979484
0.679233
0.12522
-0.475575
-0.898695
-0.986062
-0.705035
-0.160607
0.443824
0.882442
0.991379
0.729937
0.195789
-0.411505
-0.865061
-0.99543
-0.753905
-0.230721
0.37866
0.846574
0.998207
0.77691
0.265358
-0.345332
-0.827005
-0.999709
-0.798921
-0.299655
0.311561
0.806379
0.999932
0.819911
0.33357
-0.277393
-0.784721
-0.998878
-0.839853
-0.367058
0.24287
0.762061
0.996546
0.858721
0.400077
-0.208036
-0.738426
-0.99294
-0.876491
-0.432584
0.172936
0.713848
0.988065
0.893141
0.464539
-0.137616
-0.688357
-0.981927
-0.908649
-0.495899
0.102119
0.661985
0.974534
0.922996
0.526626
-0.0664917
-0.634768
-0.965894
-0.936162
-0.556679
0.0307795
0.606739
0.95602
0.948132
0.586021
0.004972
-0.577934
-0.944924
-0.95889
-0.614613
-0.0407172
0.548391
0.93262
0.968421
0.64242
0.0764103
-0.518146
-0.919123
-0.976715
-0.669406
-0.112006
0.48724
0.904452
0.98376
0.695535
0.147458
-0.45571
-0.888624
-0.989548
-0.720776
-0.182722
0.423598
0.871661
0.994071
0.745095
0.217752
-0.390944
-0.853583
-0.997322
-0.768462
-0.252504
0.35779
0.834413
0.999299
0.790846
0.286933
-0.324179
-0.814177
-0.999999
-0.81222
-0.320995
0.290154
0.792901
0.99942
0.832555
0.354647
-0.255757
-0.77061
-0.997563
-0.851825
-0.387845
0.221034
0.747335
0.994431
0.870007
0.420548
-0.186028
-0.723104
-0.990028
-0.887076
-0.452713
0.150785
0.697949
0.984359
0.903012
0.484299
-0.115348
-0.671901
-0.977431
-0.917793
-0.515266
0.0797642
0.644995
0.969255
0.931401
0.545575
-0.0440783
-0.617264
-0.959839
-0.943818
-0.575186
0.00833605
0.588743
0.949196
0.955028
0.604061
0.0274168
-0.559471
-0.93734
-0.965018
-0.632165
-0.0631347
0.529483
0.924285
0.973774
0.65946
0.0987718
-0.498818
-0.910049
-0.981285
-0.685912
-0.134283
0.467515
0.894649
0.987541
0.711488
0.169622
-0.435615
-0.878106
-0.992536
-0.736154
-0.204744
0.403158
0.86044
0.996261
0.759878
0.239605
-0.370185
-0.841674
-0.998713
-0.782632
-0.274159
0.33674
0.821832
0.999888
0.804385
0.308363
-0.302863
-0.80094
-0.999784
-0.825109
-0.342173
0.2686
0.779023
0.998403
0.844779
0.375545
-0.233993
-0.756111
-0.995745
-0.863369
-0.408437
0.199087
0.732232
0.991815
0.880855
0.440807
-0.163927
-0.707417
-0.986616
-0.897215
-0.472613
0.128557
0.681698
0.980156
0.912428
0.503815
-0.0930225
-0.655107
-0.972443
-0.926474
-0.534374
0.0573692
0.627679
0.963487
0.939336
0.564249
-0.0216426
-0.599448
-0.9533
-0.950998
-0.593402
-0.0141116
0.570451
0.941893
0.961443
0.621798
0.0498479
-0.540725
-0.929283
-0.97066
-0.649398
-0.0855204
0.510307
0.915484
0.978635
0.676168
0.121084
-0.479238
-0.900515
-0.98536
-0.702073
-0.156492
0.447555
0.884395
0.990825
0.727082
0.1917
-0.4153
-0.867145
-0.995023
-0.75116
-0.226663
0.382515
0.848785
0.997949
0.774279
0.261337
-0.34924
-0.829341
-0.9996
-0.796407
-0.295676
0.315519
0.808837
0.999972
0.817517
0.329638
-0.281395
-0.787298
-0.999066
-0.837583
-0.363178
0.246911
0.764753
0.996883
0.856577
0.396253
-0.212111
-0.741231
-0.993426
-0.874477
-0.428823
0.17704
0.71676
0.988699
0.891259
0.460844
-0.141743
-0.691374
-0.982707
-0.906901
-0.492275
0.106264
0.665104
0.97546
0.921384
0.523078
-0.07065
-0.637983
-0.966965
-0.934689
-0.553212
0.0349454
0.610047
0.957234
0.946799
0.582638
0.000803943
-0.581331
-0.94628
-0.957698
-0.61132
-0.0365522
0.551872
0.934116
0.967374
0.63922
0.0722538
-0.521707
-0.920758
-0.975813
-0.666303
-0.107863
0.490875
0.906222
0.983004
0.692535
0.143334
-0.459416
-0.890528
-0.988938
-0.717881
-0.178622
0.42737
0.873696
0.993609
0.742309
0.213682
-0.394777
-0.855747
-0.997009
-0.765788
-0.248469
0.361679
0.836703
0.999135
0.788289
0.282937
-0.328119
-0.81659
-0.999983
-0.809781
-0.317045
0.29414
0.795434
0.999553
0.830238
0.350746
-0.259785
-0.77326
-0.997845
-0.849634
-0.384
0.225097
0.750098
0.994861
0.867944
0.416763
-0.190122
-0.725977
-0.990606
-0.885145
-0.448992
0.154904
0.700928
0.985084
0.901213
0.480648
-0.119487
-0.674982
-0.978303
-0.91613
-0.51169
0.0839182
0.648174
0.970272
0.929875
0.542077
-0.0482419
-0.620537
-0.961
-0.942432
-0.571771
0.0125039
0.592107
0.950499
0.953784
0.600734
0.0232501
-0.56292
-0.938784
-0.963917
-0.62893
-0.0589744
0.533014
0.925868
0.972817
0.656321
0.0946233
-0.502426
-0.911768
-0.980474
-0.682873
-0.130151
0.471196
0.896503
0.986877
0.708553
0.165513
-0.439363
-0.880092
-0.992019
-0.733326
-0.200663
0.406969
0.862556
0.995892
0.757162
0.235556
-0.374054
-0.843917
-0.998493
-0.78003
-0.270148
0.340661
0.8242
0.999816
0.801901
0.304395
-0.306833
-0.803428
-0.999862
-0.822747
-0.338253
0.272612
0.78163
0.99863
0.842541
0.371678
-0.238043
-0.758832
-0.996121
-0.861258
-0.404629
0.20317
0.735064
0.992338
0.878874
0.437062
-0.168037
-0.710357
-0.987287
-0.895366
-0.468936
0.132689
0.684741
0.980974
0.910714
0.500211
-0.0971716
-0.658251
-0.973407
-0.924897
-0.530846
0.0615299
0.630918
0.964595
0.937899
0.560803
-0.0258095
-0.602779
-0.95455
-0.949701
-0.590042
-0.00994387
0.57387
0.943285
0.960289
0.618528
0.0456845
-0.544226
-0.930814
-0.969649
-0.646223
-0.0813668
0.513888
0.917153
0.97777
0.673091
0.116945
-0.482892
-0.90232
-0.984641
-0.699099
-0.152374
0.451279
0.886333
0.990253
0.724214
0.187608
-0.419088
-0.869213
-0.994599
-0.748402
-0.222602
0.386363
0.850982
0.997674
0.771634
0.257311
-0.353143
-0.831663
-0.999473
-0.793879
-0.291692
0.319472
0.811281
0.999995
0.81511
0.3257
-0.285392
-0.789861
-0.999238
-0.835298
-0.359291
0.250948
0.767432
0.997204
0.854419
0.392423
-0.216182
-0.744022
-0.993895
-0.872448
-0.425054
0.181141
0.719661
0.989315
0.889361
0.457141
-0.145868
-0.694379
-0.983471
-0.905137
-0.488643
0.110408
0.66821
0.976369
0.919756
0.519521
-0.074807
-0.641187
-0.968019
-0.933199
-0.549735
0.0391106
0.613344
0.958432
0.945449
0.579246
-0.00336412
-0.584717
-0.94762
-0.956491
-0.608016
-0.0323866
0.555343
0.935596
0.966309
0.636009
0.068096
-0.525258
-0.922376
-0.974893
-0.66319
-0.103718
0.494502
0.907976
0.98223
0.689522
0.139208
-0.463114
-0.892417
-0.988312
-0.714973
-0.17452
0.431134
0.875716
0.99313
0.73951
0.209608
-0.398603
-0.857896
-0.996678
-0
-0
0
0
0
0
0
-0
-0
-0
-0
-0
0
0
0
0
0
-0
-0
-0
-0
-0
0
0
0
0
0
-0
-0
-0
-0
-0
0
0
0
0
0
-0
-0
-0
-0
-0
0
0
0
0
0
-0
-0
-0
-0
-0
0
0
0
0
0
0
-0
-0
-0
-0
-0
0
0
0
0
0
-0
-0
-0
-0
-0
0
0
0
0
0
-0
-0
-0
-0
-0
0
0
0
0
0
-0
-0
-0
-0
-0
0
0
0
0
0
-0
-0
-0
-0
-0
0
0
0
0
0
-0
-0
-0
-0
-0
0
0
0
0
0
-0
-0
-0
-0
-0
0
0
0
0
0
-0
-0
-0
-0
-0
0
0
0
0
0
-0
-0
-0
-0
-0
-0
0
0
0
0
0
-0
-0
-0
-0
-0
0
0
0
0
0
-0
-0
-0
-0
-0
0
0
0
0
0
-0
-0
-0
-0
-0
0
0
0
0
0
-0
-0
-0
-0
-0
0
0
0
0
0
-0
-0
-0
-0
-0
0
0
0
0
0
-0
-0
-0
-0
-0
0
0
0
0
0
-0
-0
-0
-0
-0
0
0
0
0
0
-0
-0
-0
-0
-0
0
0
0
0
0
-0
-0
-0
-0
-0
-0
0
0
0
0
0
-0
-0
-0
-0
-0
0
0
0
0
0
-0
-0
-0
-0
-0
0
0
0
0
0
-0
-0
-0
-0
-0
0
0
0
0
0
-0
-0
-0
-0
-0
0
0
0
0
0
-0
-0
-0
-0
-0
0
0
0
0
0
-0
-0
-0
-0
-0
0
0
0
0
0
-0
-0
-0
-0
-0
0
0
0
0
0
-0
-0
-0
-0
-0
0
0
0
0
0
0
-0
-0
-0
-0
-0
0
0
0
0
0
-0
-0
-0
-0
-0
0
0
0
0
0
-0
-0
-0
-0
-0
0
0
0
0
0
-0
-0
-0
-0
-0
0
0
0
0
0
-0
-0
-0
-0
-0
0
0
0
0
0
-0
-0
-0
-0
-0
0
0
0
0
0
-0
-0
-0
-0
-0
0
0
0
0
0
-0
-0
-0
-0
-0
0
0
0
0
0
-0
-0
-0
-0
-0
-0
0
0
0
0
0
-0
-0
-0
-0
-0
0
0
0
0
0
-0
-0
-0
-0
-0
0
0
0
0
0
-0
-0
-0
-0
-0
0
0
0
0
0
-0
-0
-0
-0
-0
0
0
0
0
0
-0
-0
-0
-0
-0
0
0
0
0
0
-0
-0
-0
-0
-0
0
0
0
0
0
-0
-0
-0
-0
-0
0
0
0
0
0
-0
-0
-0
-0
-0
0
0
0
0
0
-0
-0
-0
-0
-0
-0
0
0
0
0
0
-0
-0
-0
-0
-0
0
0
0
0
0
-0
-0
-0
-0
-0
0
0
0
0
0
-0
-0
-0
-0
-0
0
0
0
0
0
-0
-0
-0
-0
-0
0
0
0
0
0
-0
-0
-0
-0
-0
0
0
0
0
0
-0
-0
-0
-0
-0
0
0
0
0
0
-0
-0
-0
-0
-0
0
0
0
0
0
-0
-0
-0
-0
-0
0
0
0
0
0
0
-0
-0
-0
-0
-0
0
0
0
0
0
-0
-0
-0
-0
-0
0
0
0
0
0
-0
-0
-0
-0
-0
0
0
0
0
0
-0
-0
-0
-0
-0
0
0
0
0
0
-0
-0
-0
-0
-0
0
0
0
0
0
-0
-0
-0
-0
-0
0
0
0
0
0
-0
-0
-0
-0
-0
0
0
0
0
0
-0
-0
-0
-0
-0
0
0
0
0
0
-0
-0
-0
-0
-0
0
0
0
0
0
0
-0
-0
-0
-0
-0
0
0
0
0
0
-0
-0
-0
-0
-0
0
0
0
0
0
-0
-0
-0
-0
-0
0
0
0
0
0
-0
-0
-0
-0
-0
0
0
0
0
0
-0
-0
-0
-0
-0
0
0
0
0
0
-0
-0
-0
-0
-0
0
0
0
0
0
-0
-0
-0
-0
-0
0
0
0
0
0
-0
-0
-0
-0
-0
0
0
0
0
0
-0
-0
-0
-0
-0
-0
0
0
0
0
0
-0
-0
-0
-0
-0
0
0
0
0
0
-0
-0
-0
-0
-0
0
0
0
0
0
-0
-0
-0
-0
-0
0
0
0
0
0
-0
-0
-0
-0
-0
0
0
0
0
0
-0
-0
-0
-0
-0
0
0
0
0
0
-0
-0
-0
-0
-0
0
0
0
0
0
-0
-0
-0
-0
-0
0
0
0
0
0
-0
-0
-0
-0
-0
0
0
0
0
0
0
-0
-0
-0
-0
-0
0
0
0
0
0
-0
-0
-0
-0
-0
0
0
0
0
0
-0
-0
-0
-0
-0
0
0
0
0
0
-0
-0
-0
-0
-0
0
0
0
0
0
-0
-0
-0
-0
-0
0
0
0
0
0
-0
-0
-0
-0
-0
0
0
0
0
0
-0
-0
-0
-0
-0
0
0
0
0
0
-0
-0
-0
-0
-0
0
0
0
0
0
-0
-0
-0
-0
-0
0
0
0
0
0
0
-0
-0
-0
-0
-0
0
0
0
0
0
-0
-0
-0
-0
-0
0
0
0
0
0
-0
-0
-0
-0
-0
0
0
0
0
0
-0
-0
-0
-0
-0
0
0
0
0
0
-0
-0
-0
-0
-0
0
0
0
0
0
-0
-0
-0
-0
-0
0
0
0
0
0
-0
-0
-0.986353
-0.897923
-0.47403
0.126962
0.680521
0.979836
0.913084
0.505204
-0.0914214
-0.653891
-0.972067
-0.927078
-0.535732
0.0557639
0.626426
0.963056
0.939887
0.565575
-0.0200351
-0.59816
-0.952813
-0.951494
-0.594696
-0.0157193
0.56913
0.941352
0.961884
0.623056
0.0514537
-0.539372
-0.928688
-0.971045
-0.65062
-0.0871222
0.508924
0.914836
0.978965
0.677352
0.122679
-0.477826
-0.899815
-0.985633
-0.703218
-0.15808
0.446117
0.883644
0.991041
0.728185
0.193278
-0.413837
-0.866343
-0.995182
-0.752221
-0.228229
0.381029
0.847934
0.998051
0.775295
0.262889
-0.347733
-0.828442
-0.999644
-0.797378
-0.297212
0.313993
0.80789
0.999959
0.818442
0.331155
-0.279852
-0.786306
-0.998996
-0.83846
-0.364675
0.245352
0.763716
0.996755
0.857406
0.397729
-0.210539
-0.74015
-0.993241
-0.875256
-0.430275
0.175457
0.715638
0.988456
0.891987
0.46227
-0.140151
-0.690211
-0.982408
-0.907577
-0.493674
0.104665
0.663902
0.975105
0.922007
0.524448
-0.069046
-0.636744
-0.966554
-0.935259
-0.55455
0.0333384
0.608772
0.956768
0.947315
0.583944
0.00241183
-0.580022
-0.945759
-0.95816
-0.612592
-0.038159
0.55053
0.933541
0.96778
0.640456
0.0738574
-0.520334
-0.920129
-0.976163
-0.667502
-0.109461
0.489474
0.905541
0.983298
0.693694
0.144925
-0.457987
-0.889796
-0.989176
-0.718999
-0.180204
0.425915
0.872913
0.993789
0.743385
0.215252
-0.393299
-0.854914
-0.997132
-0.766821
-0.250026
0.36018
0.835822
0.9992
0.789277
0.284479
-0.3266
-0.815661
-0.999991
-0.810723
-0.318569
0.292603
0.794458
0.999503
0.831134
0.352252
-0.258232
-0.772239
-0.997738
-0.850481
-0.385484
0.22353
0.749034
0.994697
0.868742
0.418224
-0.188543
-0.72487
-0.990385
-0.885892
-0.450429
0.153315
0.69978
0.984807
0.901909
0.482058
-0.117891
-0.673795
-0.977969
-0.916773
-0.51307
0.0823159
0.646949
0.969881
0.930466
0.543427
-0.0466358
-0.619276
-0.960554
-0.942969
-0.573089
0.0108961
0.590811
0.949998
0.954266
0.602019
0.0248575
-0.561591
-0.938228
-0.964343
-0.630179
-0.0605794
0.531653
0.925259
0.973188
0.657533
0.0962238
-0.501035
-0.911107
-0.980789
-0.684047
-0.131745
0.469777
0.89579
0.987135
0.709686
0.167098
-0.437918
-0.879328
-0.99222
-0.734418
-0.202238
0.405499
0.861742
0.996036
0.758212
0.237118
-0.372562
-0.843054
-0.99858
-0.781035
-0.271696
0.339149
0.823288
0.999846
0.802861
0.305926
-0.305302
-0.80247
-0.999834
-0.82366
-0.339766
0.271065
0.780626
0.998544
0.843406
0.373171
-0.236481
-0.757784
-0.995978
-0.862074
-0.406099
0.201595
0.733973
0.992138
0.87964
0.438507
-0.166452
-0.709224
-0.98703
-0.896081
-0.470355
0.131095
0.683569
0.980661
0.911377
0.501602
-0.0955712
-0.657039
-0.973037
-0.925508
-0.532208
0.059925
0.62967
0.96417
0.938455
0.562133
-0.0242021
-0.601495
-0.95407
-0.950203
-0.59134
-0.0115517
0.572552
0.94275
0.960736
0.61979
0.0472907
-0.542877
-0.930225
-0.970041
-0.647449
-0.0829693
0.512508
0.916511
0.978106
0.674279
0.118542
-0.481483
-0.901626
-0.98492
-0.700248
-0.153963
0.449843
0.885587
0.990476
0.725321
0.189187
-0.417628
-0.868417
-0.994765
-0.749468
-0.224169
0.384879
0.850136
0.997782
0.772656
0.258865
-0.351638
-0.830769
-0.999524
-0.794856
-0.29323
0.317948
0.810339
0.999988
0.81604
0.32722
-0.283851
-0.788874
-0.999174
-0.836181
-0.360791
0.249391
0.7664
0.997082
0.855253
0.393902
-0.214612
-0.742947
-0.993716
-0.873232
-0.426508
0.179559
0.718543
0.989079
0.890095
0.45857
-0.144277
-0.693221
-0.983178
-0.905819
-0.490045
0.10881
0.667013
0.97602
0.920386
0.520894
-0.0732035
-0.639952
-0.967615
-0.933775
-0.551077
0.0375039
0.612073
0.957972
0.945972
0.580556
-0.00175624
-0.583412
-0.947105
-0.956959
-0.609292
-0.0339936
0.554005
0.935027
0.966722
0.637249
0.0697
-0.523889
-0.921753
-0.97525
-0.664392
-0.105317
0.493104
0.907302
0.982531
0.690686
0.1408
-0.461689
-0.89169
-0.988555
-0.716096
-0.176103
0.429683
0.874938
0.993317
0.740591
0.21118
-0.397128
-0.857068
-0.996808
-0.764139
-0.245988
0.364065
0.838103
0.999025
0.786711
0.280481
-0.330537
-0.818066
-0.999965
-0.808276
-0.314615
0.296586
0.796983
0.999626
0.828809
0.348348
-0.262256
-0.774881
-0.99801
-0.848282
-0.381635
0.227591
0.751788
0.995117
0.86667
0.414434
-0.192635
-0.727735
-0.990953
-0.88395
-0.446703
0.157432
0.702751
0.985522
0.900101
0.478402
-0.122029
-0.676869
-0.978831
-0.915101
-0.509488
0.0864691
0.650122
0.970888
0.92893
0.539924
-0.0507989
-0.622543
-0.961705
-0.941573
-0.569669
0.0150638
0.594169
0.951292
0.953012
0.598686
0.0206905
-0.565035
-0.939663
-0.963232
-0.626937
-0.0564185
0.535178
0.926832
0.972221
0.654387
0.0920742
-0.504638
-0.912817
-0.979967
-0.681001
-0.127612
0.473452
0.897635
0.98646
0.706744
0.162987
-0.441661
-0.881305
-0.991693
-0.731583
-0.198154
0.409306
0.863849
0.995657
0.755487
0.233067
-0.376427
-0.845288
-0.998349
-0.778426
-0.267682
0.343067
0.825647
0.999764
0.800369
0.301956
-0.309269
-0.80495
-0.999901
-0.821289
-0.335843
0.275075
0.783224
0.998761
0.841159
0.3693
-0.240529
-0.760497
-0.996343
-0.859954
-0.402286
0.205676
0.736798
0.992651
0.87765
0.434758
-0.17056
-0.712157
-0.987691
-0.894223
-0.466673
0.135226
0.686605
0.981468
0.909653
0.497992
-0.0997194
-0.660176
-0.97399
-0.923921
-0.528675
0.064085
0.632902
0.965267
0.937007
0.558681
-0.0283688
-0.60482
-0.95531
-0.948896
-0.587973
-0.00738378
0.575964
0.944132
0.959571
0.616514
0.0431269
-0.546373
-0.931747
-0.96902
-0.644267
-0.0788149
0.516082
0.918171
0.97723
0.671195
0.114402
-0.485132
-0.903421
-0.984191
-0.697266
-0.149843
0.453562
0.887516
0.989893
0.722446
0.185092
-0.421412
-0.870476
-0.99433
-0.746702
-0.220105
0.388723
0.852324
0.997496
0.770003
0.254837
-0.355537
-0.833082
-0.999387
-0.79232
-0.289242
0.321897
0.812775
1
0.813624
0.323278
-0.287845
-0.791429
-0.999334
-0.833888
-0.356901
0.253425
0.769071
0.997392
0.853086
0.390067
-0.218681
-0.74573
-0.994174
-0.871193
-0.422735
0.183658
0.721436
0.989685
0.888187
0.454862
-0.1484
-0.696219
-0.983931
-0.904045
-0.486408
0.112952
0.670113
0.976919
0.918748
0.517332
-0.0773598
-0.64315
-0.968658
-0.932276
-0.547594
0.0416687
0.615364
0.959159
0.944612
0.577157
-0.00592428
-0.586792
-0.948434
-0.955741
-0.605982
-0.0298277
0.55747
0.936496
0.965647
0.634032
0.0655415
-0.527435
-0.923362
-0.97432
-0.661271
-0.101172
0.496726
0.909046
0.981746
0.687665
0.136672
-0.465382
-0.893569
-0.987918
-0.71318
-0.171998
0.433443
0.876949
0.992827
0.737784
0.207104
-0.400949
-0.859208
-0.996466
-0.761444
-0.241946
0.367944
0.840369
0.998832
0.784131
0.276478
-0.334468
-0.820456
-0.999921
-0.805815
-0.310656
0.300564
0.799493
0.999731
0.826469
0.344438
-0.266276
-0.777509
-0.998264
-0.846067
-0.377779
0.231648
0.75453
0.99552
0.864583
0.410637
-0.196723
-0.730587
-0.991504
-0.881994
-0.44297
0.161547
0.70571
0.98622
0.898277
0.474737
-0.126165
-0.679931
-0.979675
-0.913412
-0.505897
0.0906208
0.653283
0.971878
0.927379
0.536411
-0.0549612
-0.6258
-0.962839
-0.940161
-0.566238
0.0192313
0.597516
0.952568
0.951741
0.595342
0.0165232
-0.568469
-0.94108
-0.962104
-0.623685
-0.0522565
0.538695
0.928389
0.971237
0.65123
0.0879231
-0.508232
-0.914511
-0.979128
-0.677943
-0.123477
0.477119
0.899464
0.985768
0.703789
0.158874
-0.445397
-0.883267
-0.991148
-0.728735
-0.194067
0.413105
0.865941
0.99526
0.75275
0.229012
-0.380285
-0.847508
-0.998101
-0.775803
-0.263664
0.346979
0.827991
0.999665
0.797863
0.297979
-0.31323
-0.807416
-0.999951
-0.818904
-0.331914
0.27908
0.785809
0.998959
0.838898
0.365424
-0.244573
-0.763197
-0.99669
-0.857819
-0.398467
0.209753
0.73961
0.993147
0.875644
0.431
-0.174666
-0.715077
-0.988334
-0.89235
-0.462983
0.139355
0.689629
0.982258
0.907914
0.494373
-0.103866
-0.663301
-0.974926
-0.922318
-0.525132
0.068244
0.636124
0.966348
0.935543
0.555219
-0.0325349
-0.608134
-0.956534
-0.947572
-0.584597
-0.00321577
0.579367
0.945497
0.95839
0.613227
0.0389623
-0.549859
-0.933252
-0.967982
-0.641073
-0.0746591
0.519648
0.919814
0.976337
0.6681
0.11026
-0.488773
-0.9052
-0.983444
-0.694273
-0.145721
0.457272
0.889428
0.989293
0.719558
0.180995
-0.425188
-0.87252
-0.993878
-0.743923
-0.216037
0.39256
0.854496
0.997192
0.767337
0.250804
-0.35943
-0.83538
-0.999232
-0.78977
-0.28525
0.32584
0.815196
0.999994
0.811194
0.319331
-0.291834
-0.79397
-0.999478
-0.83158
-0.353004
0.257455
0.771728
0.997684
0.850904
0.386226
-0.222747
-0.748501
-0.994614
-0.86914
-0.418954
0.187754
0.724316
0.990273
0.886264
0.451146
-0.15252
-0.699205
-0.984667
-0.902256
-0.482762
0.117092
0.673201
0.977801
0.917094
0.51376
-0.0815147
-0.646336
-0.969685
-0.93076
-0.544102
0.0458327
0.618644
0.96033
0.943236
0.573748
-0.0100922
-0.590162
-0.949747
-0.954506
-0.602661
-0.0256612
0.560925
0.93795
0.964556
0.630803
0.0613818
-0.530972
-0.924954
-0.973373
-0.658139
-0.097024
0.500339
0.910775
0.980945
0.684633
0.132542
-0.469067
-0.895432
-0.987264
-0.710253
-0.167891
0.437195
0.878945
0.99232
0.734964
0.203025
-0.404764
-0.861333
-0.996108
-0.758736
-0.237899
0.371816
0.842621
0.998622
0.781537
0.27247
-0.338393
-0.822831
-0.99986
-0.80334
-0.306692
0.304537
0.80199
0.999819
0.824116
0.340522
-0.270291
-0.780123
-0.998501
-0.843838
-0.373916
0.2357
0.757259
0.995906
0.862481
0.406833
-0.200808
-0.733427
-0.992037
-0.880022
-0.43923
0.165659
0.708657
0.986901
0.896438
0.471065
-0.130298
-0.682982
-0.980503
-0.911707
-0.502298
0.0947709
0.656433
0.972851
0.925812
0.532888
-0.0591225
-0.629045
-0.963956
-0.938732
-0.562798
0.0233984
0.600853
0.953829
0.950453
0.591988
0.0123555
-0.571893
-0.942482
-0.960959
-0.620421
-0.0480937
0.542202
0.92993
0.970236
0.648061
0.0837704
-0
-0
-0
-0
-0
0
0
0
0
0
-0
-0
-0
-0
-0
0
0
0
0
0
-0
-0
-0
-0
-0
0
0
0
0
0
-0
-0
-0
-0
-0
0
0
0
0
0
-0
-0
-0
-0
-0
0
0
0
0
0
-0
-0
-0
-0
-0
0
0
0
0
0
-0
-0
-0
-0
-0
0
0
0
0
0
-0
-0
-0
-0
-0
0
0
0
0
0
0
-0
-0
-0
-0
-0
0
0
0
0
0
-0
-0
-0
-0
-0
0
0
0
0
0
-0
-0
-0
-0
-0
0
0
0
0
0
-0
-0
-0
-0
-0
0
0
0
0
0
-0
-0
-0
-0
-0
0
0
0
0
0
-0
-0
-0
-0
-0
0
0
0
0
0
-0
-0
-0
-0
-0
0
0
0
0
0
-0
-0
-0
-0
-0
0
0
0
0
0
-0
-0
-0
-0
-0
-0
0
0
0
0
0
-0
-0
-0
-0
-0
0
0
0
0
0
-0
-0
-0
-0
-0
0
0
0
0
0
-0
-0
-0
-0
-0
0
0
0
0
0
-0
-0
-0
-0
-0
0
0
0
0
0
-0
-0
-0
-0
-0
0
0
0
0
0
-0
-0
-0
-0
-0
0
0
0
0
0
-0
-0
-0
-0
-0
0
0
0
0
0
-0
-0
-0
-0
-0
0
0
0
0
0
0
-0
-0
-0
-0
-0
0
0
0
0
0
-0
-0
-0
-0
-0
0
0
0
0
0
-0
-0
-0
-0
-0
0
0
0
0
0
-0
-0
-0
-0
-0
0
0
0
0
0
-0
-0
-0
-0
-0
0
0
0
0
0
-0
-0
-0
-0
-0
0
0
0
0
0
-0
-0
-0
-0
-0
0
0
0
0
0
-0
-0
-0
-0
-0
0
0
0
0
0
-0
-0
-0
-0
-0
0
0
0
0
0
0
-0
-0
-0
-0
-0
0
0
0
0
0
-0
-0
-0
-0
-0
0
0
0
0
0
-0
-0
-0
-0
-0
0
0
0
0
0
-0
-0
-0
-0
-0
0
0
0
0
0
-0
-0
-0
-0
-0
0
0
0
0
0
-0
-0
-0
-0
-0
0
0
0
0
0
-0
-0
-0
-0
-0
0
0
0
0
0
-0
-0
-0
-0
-0
0
0
0
0
0
-0
-0
-0
-0
-0
-0
0
0
0
0
0
-0
-0
-0
-0
-0
0
0
0
0
0
-0
-0
-0
-0
-0
0
0
0
0
0
-0
-0
-0
-0
-0
0
0
0
0
0
-0
-0
-0
-0
-0
0
0
0
0
0
-0
-0
-0
-0
-0
0
0
0
0
0
-0
-0
-0
-0
-0
0
0
0
0
0
-0
-0
-0
-0
-0
0
0
0
0
0
-0
-0
-0
-0
-0
0
0
0
0
0
0
-0
-0
-0
-0
-0
0
0
0
0
0
-0
-0
-0
-0
-0
0
0
0
0
0
-0
-0
-0
-0
-0
0
0
0
0
0
-0
-0
-0
-0
-0
0
0
0
0
0
-0
-0
-0
-0
-0
0
0
0
0
0
-0
-0
-0
-0
-0
0
0
0
0
0
-0
-0
-0
-0
-0
0
0
0
0
0
-0
-0
-0
-0
-0
0
0
0
0
0
-0
-0
-0
-0
-0
0
0
0
0
0
0
-0
-0
-0
-0
-0
0
0
0
0
0
-0
-0
-0
-0
-0
0
0
0
0
0
-0
-0
-0
-0
-0
0
0
0
0
0
-0
-0
-0
-0
-0
0
0
0
0
0
-0
-0
-0
-0
-0
0
0
0
0
0
-0
-0
-0
-0
-0
0
0
0
0
0
-0
-0
-0
-0
-0
0
0
0
0
0
-0
-0
-0
-0
-0
0
0
0
0
0
-0
-0
-0
-0
-0
-0
0
0
0
0
0
-0
-0
-0
-0
-0
0
0
0
0
0
-0
-0
-0
-0
-0
0
0
0
0
0
-0
-0
-0
-0
-0
0
0
0
0
0
-0
-0
-0
-0
-0
0
0
0
0
0
-0
-0
-0
-0
-0
0
0
0
0
0
-0
-0
-0
-0
-0
0
0
0
0
0
-0
-0
-0
-0
-0
0
0
0
0
0
-0
-0
-0
-0
-0
0
0
0
0
0
-0
-0
-0
-0
-0
-0
0
0
0
0
0
-0
-0
-0
-0
-0
0
0
0
0
0
-0
-0
-0
-0
-0
0
0
0
0
0
-0
-0
-0
-0
-0
0
0
0
0
0
-0
-0
-0
-0
-0
0
0
0
0
0
-0
-0
-0
-0
-0
0
0
0
0
0
-0
-0
-0
-0
-0
0
0
0
0
0
-0
-0
-0
-0
-0
0
0
0
0
0
-0
-0
-0
-0
-0
0
0
0
0
0
0
-0
-0
-0
-0
-0
0
0
0
0
0
-0
-0
-0
-0
-0
0
0
0
0
0
-0
-0
-0
-0
-0
0
0
0
0
0
-0
-0
-0
-0
-0
0
0
0
0
0
-0
-0
-0
-0
-0
0
0
0
0
0
-0
-0
-0
-0
-0
0
0
0
0
0
-0
-0
-0
-0
-0
0
0
0
0
0
-0
-0
-0
-0
-0
0
0
0
0
0
-0
-0
-0
-0
-0
-0
0
0
0
0
0
-0
-0
-0
-0
-0
0
0
0
0
0
-0
-0
-0
-0
-0
0
0
0
0
0
-0
-0
-0
-0
-0
0
0
0
0
0
-0
-0
-0
-0
-0
0
0
0
0
0.649599
-0.572609
-1.58089
-1.99855
-1.66955
-0.716805
0.503739
1.53608
1.99455
1.70785
0.783094
-0.434224
-1.48932
-1.988
-1.74396
-0.848383
0.364154
1.44064
1.97891
1.77785
0.912587
-0.293619
-1.39013
-1.96729
-1.80946
-0.975624
0.222709
1.33784
1.95315
1.83876
1.03741
-0.151513
-1.28384
-1.93652
-1.86571
-1.09788
0.0801242
1.22819
1.91741
1.89028
1.15694
-0.00863283
-1.17098
-1.89585
-1.91242
-1.21452
-0.0628696
1.11227
1.87186
1.93213
1.27055
0.134292
-1.05214
-1.84549
-1.94936
-1.32495
-0.205542
0.99066
1.81675
1.9641
1.37766
0.27653
-0.927916
-1.78569
-1.97633
-1.42861
-0.347164
0.863986
1.75235
1.98604
1.47774
0.417354
-0.798952
-1.71677
-1.9932
-1.52497
-0.487011
0.732896
1.67899
1.99782
1.57026
0.556045
-0.665904
-1.63907
-1.99988
-1.61353
-0.624368
0.59806
1.59705
1.99939
1.65475
0.691894
-0.529451
-1.55299
-1.99634
-1.69385
-0.758534
0.460166
1.50695
1.99073
1.73078
0.824205
-0.390293
-1.45898
-1.98259
-1.7655
-0.888823
0.31992
1.40914
1.97191
1.79796
0.952304
-0.249139
-1.3575
-1.9587
-1.82813
-1.01457
0.178039
1.30413
1.943
1.85596
1.07553
-0.106711
-1.24909
-1.92481
-1.88141
-1.13513
0.0352474
1.19245
1.90416
1.90447
1.19327
0.0362617
-1.13429
-1.88107
-1.92508
-1.24988
-0.107724
1.07468
1.85558
1.94324
1.3049
0.179049
-1.01369
-1.82772
-1.95891
-1.35825
-0.250145
0.951411
1.79752
1.97207
1.40986
0.320922
-0.887914
-1.76502
-1.98272
-1.45967
-0.391288
0.823281
1.73027
1.99083
1.50762
0.461153
-0.757596
-1.69331
-1.9964
-1.55363
-0.53043
0.690942
1.65418
1.99941
1.59766
0.599028
-0.623405
-1.61293
-1.99987
-1.63965
-0.66686
0.555071
1.56963
1.99777
1.67954
0.73384
-0.486027
-1.52431
-1.99312
-1.71729
-0.799882
0.416362
1.47705
1.98592
1.75284
0.864901
-0.346165
-1.4279
-1.97618
-1.78615
-0.928815
0.275525
1.37693
1.96391
1.81717
0.991541
-0.204533
-1.32419
-1.94913
-1.84588
-1.053
0.13328
1.26976
1.93187
1.87222
1.11311
-0.0618556
-1.21371
-1.91213
-1.89617
-1.1718
-0.00964728
1.15611
1.88995
1.91769
1.22899
0.0811379
-1.09703
-1.86535
-1.93677
-1.28461
-0.152525
1.03655
1.83836
1.95337
1.33859
0.223717
-0.974738
-1.80903
-1.96747
-1.39086
-0.294623
0.911684
1.77738
1.97905
1.44135
0.365152
-0.847464
-1.74347
-1.98811
-1.48999
-0.435214
0.782161
1.70732
1.99462
1.53673
0.50472
-0.715857
-1.66899
-1.99859
-1.58151
-0.573581
0.648639
1.62853
2
1.62427
0.641709
-0.580591
-1.58598
-1.99885
-1.66494
-0.709016
0.511802
1.54141
1.99515
1.70349
0.775417
-0.442358
-1.49487
-1.98889
-1.73987
-0.840826
0.372348
1.44641
1.9801
1.77402
0.905161
-0.301862
-1.39611
-1.96877
-1.8059
-0.968339
0.230991
1.34402
1.95493
1.83547
1.03028
-0.159824
-1.29022
-1.93858
-1.86269
-1.0909
0.088453
1.23476
1.91976
1.88754
1.15013
-0.0169688
-1.17773
-1.89849
-1.90997
-1.20789
-0.0545371
1.11919
1.87478
1.92996
1.2641
0.125973
-1.05922
-1.84868
-1.94748
-1.3187
-0.197248
0.997893
1.82022
1.96251
1.37161
0.268271
-0.935293
-1.78943
-1.97504
-1.42277
-0.338951
0.871497
1.75635
1.98504
1.47211
0.409198
-0.806587
-1.72103
-1.9925
-1.51956
-0.478922
0.740646
1.68351
1.99741
1.56508
0.548033
-0.673758
-1.64383
-1.99977
-1.60859
-0.616444
0.606009
1.60206
1.99957
1.65005
0.684066
-0.537486
-1.55823
-1.99682
-1.6894
-0.750814
0.468275
1.51242
1.99152
1.72659
0.816603
-0.398465
-1.46467
-1.98367
-1.76157
-0.881347
0.328146
1.41504
1.97328
1.7943
0.944965
-0.257408
-1.36361
-1.96037
-1.82473
-1.00737
0.18634
1.31044
1.94496
1.85284
1.0685
-0.115035
-1.25559
-1.92705
-1.87857
-1.12825
0.0435819
1.19913
1.90669
1.9019
1.18657
0.0279266
-1.14115
-1.88389
-1.9228
-1.24336
-0.0993994
1.0817
1.85867
1.94125
1.29857
0.170745
-1.02087
-1.83109
-1.95721
-1.35212
-0.241873
0.958736
1.80116
1.97067
1.40394
0.312691
-0.895376
-1.76893
-1.98161
-1.45396
-0.383109
0.830871
1.73444
1.99002
1.50212
0.453038
-0.765304
-1.69773
-1.99588
-1.54837
-0.522387
0.698759
1.65885
1.99919
1.59263
0.591069
-0.63132
-1.61785
-1.99995
-1.63486
-0.658995
0.563074
1.57478
1.99815
1.675
0.726079
-0.494109
-1.5297
-1.99379
-1.713
-0.792235
0.424512
1.48266
1.98689
1.74881
0.857377
-0.354372
-1.43373
-1.97744
-1.78238
-0.921424
0.283779
1.38296
1.96547
1.81368
0.984293
-0.212824
-1.33043
-1.95098
-1.84265
-1.0459
0.141596
1.27619
1.93401
1.86927
1.10618
-0.0701872
-1.22033
-1.91455
-1.8935
-1.16504
-0.00131118
1.1629
1.89266
1.91531
1.22241
0.0728079
-1.10399
-1.86834
-1.93467
-1.27821
-0.144212
1.04367
1.84163
1.95156
1.33239
0.215431
-0.982009
-1.81257
-1.96595
-1.38486
-0.286375
0.919096
1.78119
1.97783
1.43555
0.356953
-0.855007
-1.74754
-1.98718
-1.48442
-0.427074
0.789826
1.71165
1.994
1.53139
0.49665
-0.723635
-1.67357
-1.99826
-1.57639
-0.56559
0.656519
1.63335
1.99996
1.61939
0.633808
-0.588564
-1.59105
-1.99911
-1.66031
-0.701215
0.519856
1.54671
1.99571
1.69911
0.767726
-0.450483
-1.50039
-1.98975
-1.73574
-0.833255
0.380535
1.45216
1.98125
1.77015
0.89772
-0.3101
-1.40207
-1.97022
-1.8023
-0.961036
0.239269
1.35018
1.95667
1.83214
1.02312
-0.168132
-1.29657
-1.94062
-1.85964
-1.0839
0.0967802
1.24131
1.92208
1.88476
1.1433
-0.0253045
-1.18445
-1.90109
-1.90748
-1.20123
-0.0462036
1.12609
1.87767
1.92775
1.25763
0.117653
-1.06628
-1.85185
-1.94557
-1.31242
-0.188951
1.00511
1.82366
1.96089
1.36553
0.260008
-0.942653
-1.79314
-1.97371
-1.4169
-0.330733
0.878992
1.76033
1.984
1.46645
0.401035
-0.814208
-1.72526
-1.99176
-1.51413
-0.470824
0.748383
1.68799
1.99697
1.55988
0.540011
-0.681601
-1.64857
-1.99963
-1.60363
-0.608508
0.613948
1.60703
1.99973
1.64533
0.676227
-0.54551
-1.56344
-1.99728
-1.68492
-0.743081
0.476375
1.51786
1.99227
1.72237
0.808986
-0.406631
-1.47033
-1.98471
-1.75761
-0.873856
0.336367
1.42092
1.97462
1.7906
0.93761
-0.265672
-1.3697
-1.96201
-1.82131
-1.00016
0.194639
1.31672
1.94688
1.84968
1.06144
-0.123356
-1.26207
-1.92927
-1.87569
-1.12136
0.0519156
1.2058
1.90919
1.89931
1.17985
0.019591
-1.14798
-1.88667
-1.92049
-1.23682
-0.0910727
1.0887
1.86174
1.93923
1.29222
0.162438
-1.02803
-1.83442
-1.95548
-1.34596
-0.233595
0.966043
1.80477
1.96923
1.39799
0.304454
-0.902822
-1.7728
-1.98046
-1.44822
-0.374924
0.838446
1.73857
1.98917
1.49661
0.444915
-0.772999
-1.70212
-1.99533
-1.54308
-0.514336
0.706563
1.66349
1.99894
1.58758
0.5831
-0.639224
-1.62273
-1.99999
-1.63005
-0.651119
0.571068
1.5799
1.99849
1.67043
0.718305
-0.502182
-1.53505
-1.99443
-1.70868
-0.784573
0.432654
1.48824
1.98782
1.74475
0.849838
-0.362573
-1.43953
-1.97867
-1.77859
-0.914017
0.292029
1.38897
1.96699
1.81015
0.977027
-0.221111
-1.33664
-1.9528
-1.83939
-1.03879
0.14991
1.2826
1.93611
1.86629
1.09922
-0.0785176
-1.22692
-1.91695
-1.8908
-1.15825
0.00702496
1.16968
1.89533
1.91289
1.2158
0.0644767
-1.11093
-1.8713
-1.93254
-1.27179
-0.135896
1.05077
1.84487
1.94972
1.32616
0.207141
-0.989262
-1.81608
-1.9644
-1.37883
-0.278122
0.926491
1.78497
1.97658
1.42974
0.348747
-0.862536
-1.75158
-1.98622
-1.47882
-0.418927
0.797478
1.71594
1.99333
1.52601
0.48857
-0.7314
-1.67812
-1.99789
-1.57125
-0.557589
0.664387
1.63815
1.9999
1.61448
0.625896
-0.596525
-1.59608
-1.99935
-1.65565
-0.693402
0.527901
1.55198
1.99624
1.6947
0.760022
-0.458601
-1.50589
-1.99058
-1.73158
-0.82567
0.388716
1.45788
1.98237
1.76626
0.890263
-0.318333
-1.408
-1.97164
-1.79867
-0.953717
0.247543
1.35632
1.95838
1.82878
1.01595
-0.176437
-1.30291
-1.94261
-1.85656
-1.07689
0.105106
1.24783
1.92437
1.88196
1.13645
-0.0336397
-1.19116
-1.90366
-1.90496
-1.19456
-0.0378693
1.13297
1.88052
1.92552
1.25114
0.10933
-1.07332
-1.85498
-1.94362
-1.30612
-0.180651
1.01231
1.82707
1.95923
1.35943
0.251741
-0.949997
-1.79681
-1.97234
-1.411
-0.322509
0.886473
1.76427
1.98293
1.46077
0.392864
-0.821815
-1.72946
-1.99098
-1.50867
-0.462718
0.756107
1.69245
1.99649
1.55464
0.53198
-0.689433
-1.65327
-1.99945
-1.59863
-0.600562
0.621877
1.61198
1.99985
1.64057
0.668376
-0.553526
-1.56863
-1.99769
-1.68042
-0.735336
0.484467
1.52327
1.99298
1.71811
0.801355
-0.414789
-1.47597
-1.98572
-1.75361
-0.866351
0.344581
1.42678
1.97593
1.78687
0.930238
-0.273932
-1.37576
-1.96361
-1.81785
-0.992937
0.202933
1.32299
1.94877
1.8465
1.05437
-0.131675
-1.26852
-1.93145
-1.87278
-1.11445
0.0602485
1.21244
1.91166
1.89668
1.1731
0.0112551
-1.1548
-1.88942
-1.91815
-1.23026
-0.0827444
1.09569
1.86477
1.93717
1.28584
0.154128
-1.03517
-1.83773
-1.95371
-1.33979
-0.225314
0.973334
1.80834
1.96776
1.39201
0.296213
-0.910252
-1.77665
-1.97928
-1.44246
-0.366733
0.846007
1.74268
1.98828
1.49106
0.436783
-0.780681
-1.70648
-1.99474
-1.53776
-0.506276
0.714356
1.6681
1.99865
1.58249
0.575121
-0.647118
-1.62759
-2
-1.6252
-0.643231
0.579053
1.585
1.99879
1.66584
0.710519
-0.510247
-1.54038
-1.99503
-1.70434
-0.776899
0.440789
1.4938
1.98872
1.74066
0.842285
-0.370768
-1.4453
-1.97987
-1.77476
-0.906595
0.300273
1.39496
1.96849
1.80659
0.969745
-0.229394
-1.34283
-1.95459
-1.83611
-1.03166
0.158221
1.28899
1.93819
2.79492
1.63837
-0.13027
-1.85024
-2.87896
-2.8321
-1.72717
0.0230415
1.76464
2.84697
2.86567
1.81375
0.0842165
-1.67678
-2.81133
-2.89557
-1.89802
-0.191367
1.58678
2.7721
2.92177
1.97986
0.298272
-1.49475
-2.72933
-2.94423
-2.05917
-0.404797
1.40081
2.68307
2.96293
2.13584
0.510804
-1.30507
-2.63338
-2.97785
-2.20979
-0.616158
1.20767
2.58032
2.98895
2.28091
0.720724
-1.10873
-2.52396
-2.99624
-2.34912
-0.824369
1.00837
2.46438
2.99969
2.41432
0.926959
-0.906715
-2.40164
-2.99931
-2.47644
-1.02837
0.803905
2.33584
2.9951
2.53539
1.12846
-0.700067
-2.26705
-2.98705
-2.5911
-1.22711
0.595334
2.19536
2.97519
2.64349
1.32419
-0.48984
-2.12086
-2.95953
-2.69251
-1.41957
0.38372
2.04365
2.94008
2.73809
1.51314
-0.277109
-1.96383
-2.91687
-2.78016
-1.60478
0.170144
1.88151
2.88993
2.81868
1.69437
-0.0629615
-1.79677
-2.8593
-2.8536
-1.78179
-0.0443015
1.70974
2.82502
2.88487
1.86693
0.151508
-1.62052
-2.78712
-2.91245
-1.94969
-0.258521
1.52923
2.74566
2.93631
2.02995
0.365203
-1.43599
-2.70069
-2.95641
-2.10762
-0.471418
1.34091
2.65227
2.97274
2.18259
0.577031
-1.24411
-2.60045
-2.98526
-2.25478
-0.681906
1.14573
2.54532
2.99397
2.32408
0.785909
-1.04588
-2.48692
-2.99885
-2.39041
-0.888908
0.944691
2.42535
2.9999
2.45368
0.99077
-0.842297
-2.36068
-2.99711
-2.51382
-1.09137
0.738826
2.29299
2.99049
2.57075
1.19057
-0.634411
-2.22237
-2.98005
-2.62438
-1.28824
0.529184
2.14891
2.9658
2.67467
1.38428
-0.423281
-2.0727
-2.94776
-2.72153
-1.47854
0.316837
1.99384
2.92595
2.76491
1.57091
-0.209988
-1.91243
-2.90039
-2.80476
-1.66127
0.10287
1.82858
2.87113
2.84103
1.74951
0.00437859
-1.74239
-2.8382
-2.87366
-1.83552
-0.111622
1.65397
2.80164
2.90262
1.91917
0.218723
-1.56344
-2.7615
-2.92787
-2.00038
-0.325544
1.47091
2.71783
2.94937
2.07902
0.431949
-1.3765
-2.67069
-2.96711
-2.15501
-0.537802
1.28033
2.62013
2.98105
2.22824
0.642967
-1.18252
-2.56622
-2.99118
-2.29863
-0.74731
1.0832
2.50903
2.99748
2.36608
0.850698
-0.9825
-2.44864
-2.99996
-2.4305
-0.952999
0.88054
2.38511
2.9986
2.49181
1.05408
-0.777454
-2.31853
-2.99341
-2.54994
-1.15382
0.673375
2.24899
2.98438
2.60481
1.25208
-0.568435
-2.17658
-2.97155
-2.65635
-1.34873
0.462768
2.10138
2.95491
2.70449
1.44367
-0.356509
-2.0235
-2.9345
-2.74918
-1.53676
0.249795
1.94302
2.91034
2.79035
1.62788
-0.142761
-1.86007
-2.88245
-2.82795
-1.71693
0.0355451
1.77474
2.85089
2.86194
1.80378
0.0717165
-1.68714
-2.81567
-2.89227
-1.88832
-0.178886
1.59738
2.77686
2.91891
1.97045
0.285828
-1.50558
-2.7345
-2.94181
-2.05006
-0.392403
1.41185
2.68864
2.96095
2.12705
0.498478
-1.31632
-2.63934
-2.9763
-2.20132
-0.603915
1.21911
2.58667
2.98785
2.27277
0.708579
-1.12034
-2.5307
-2.99559
-2.34132
-0.812339
1.02013
2.47148
2.99949
2.40688
0.915059
-0.918627
-2.40911
-2.99955
-2.46936
-1.01661
0.815945
2.34366
2.99579
2.52868
1.11686
-0.71222
-2.27522
-2.98819
-2.58477
-1.21568
0.607584
2.20386
2.97677
2.63756
1.31295
-0.502172
-2.12969
-2.96155
-2.68697
-1.40854
0.396118
2.05279
2.94254
2.73295
1.50233
-0.289557
-1.97327
-2.91977
-2.77544
-1.5942
0.182627
1.89123
2.89327
2.81438
1.68404
-0.0754624
-1.80677
-2.86306
-2.84972
-1.77171
-0.0317983
1.72
2.8292
2.88141
1.85713
0.139018
-1.63103
-2.79172
-2.90943
-1.94017
-0.246061
1.53998
2.75068
2.93372
2.02073
0.352788
-1.44695
-2.70611
-2.95426
-2.0987
-0.459065
1.35208
2.65809
2.97103
2.174
0.564755
-1.25548
-2.60667
-2.984
-2.24651
-0.669723
1.15727
2.55191
2.99315
2.31615
0.773835
-1.05759
-2.4939
-2.99848
-2.38283
-0.876957
0.956551
2.43269
2.99998
2.44647
0.978959
-0.854291
-2.36838
-2.99764
-2.50698
-1.07971
0.750939
2.30103
2.99146
2.56428
1.17908
-0.646627
-2.23075
-2.98147
-2.6183
-1.27694
0.541488
2.15762
2.96766
2.66898
1.37317
-0.435657
-2.08172
-2.95006
-2.71625
-1.46764
0.329269
2.00317
2.92868
2.76004
1.56024
-0.22246
-1.92205
-2.90356
-2.8003
-1.65085
0.115366
1.83848
2.87473
2.83699
1.73934
-0.00812562
-1.75256
-2.84223
-2.87005
-1.82561
-0.0991256
1.66439
2.80609
2.89943
1.90955
0.20625
-1.5741
-2.76637
-2.92512
-1.99104
-0.313111
1.4818
2.7231
2.94706
2.06999
0.419571
-1.3876
-2.67636
-2.96523
-2.14629
-0.525496
1.29163
2.6262
2.97962
2.21985
0.630748
-1.194
-2.57268
-2.99019
-2.29057
-0.735194
1.09485
2.51587
2.99695
2.35837
0.8387
-0.994306
-2.45584
-2.99987
-2.42315
-0.941134
0.892486
2.39267
2.99896
2.48483
1.04236
-0.789525
-2.32645
-2.99421
-2.54333
-1.14226
0.685554
2.25725
2.98563
2.59858
1.2407
-0.580707
-2.18516
-2.97324
-2.65051
-1.33755
0.475118
2.11029
2.95705
2.69906
1.4327
-0.368922
-2.03271
-2.93708
-2.74415
-1.52601
0.262253
1.95253
2.91335
2.78573
1.61737
-0.15525
-1.86986
-2.8859
-2.82376
-1.70666
0.0480481
1.7848
2.85475
2.85817
1.79377
0.0592153
-1.69746
-2.81996
-2.88893
-1.87859
-0.166403
1.60795
2.78157
2.91599
1.961
0.273378
-1.51638
-2.73962
-2.93933
-2.04091
-0.380003
1.42287
2.69416
2.95891
2.11821
0.486143
-1.32755
-2.64526
-2.97471
-2.1928
-0.591661
1.23052
2.59298
2.9867
2.26459
0.696423
-1.13193
-2.53739
-2.99488
-2.33348
-0.800294
1.03188
2.47855
2.99923
2.39939
0.903143
-0.930522
-2.41654
-2.99974
-2.46224
-1.00484
0.827971
2.35145
2.99642
2.52193
1.10525
-0.72436
-2.28335
-2.98927
-2.5784
-1.20424
0.619824
2.21232
2.9783
2.63158
1.3017
-0.514496
-2.13847
-2.96352
-2.68139
-1.39749
0.408509
2.06189
2.94495
2.72777
1.4915
-0.302001
-1.98267
-2.92262
-2.77067
-1.5836
0.195106
1.90092
2.89655
2.81002
1.67367
-0.087962
-1.81673
-2.86677
-2.84578
-1.76161
-0.0192945
1.73023
2.83334
2.87791
1.84729
0.126526
-1.64151
-2.79628
-2.90635
-1.93061
-0.233596
1.55069
2.75564
2.93108
2.01147
0.340368
-1.45789
-2.71149
-2.95206
-2.08975
-0.446704
1.36323
2.66386
2.96927
2.16536
0.55247
-1.26683
-2.61283
-2.98268
-2.2382
-0.657529
1.1688
2.55846
2.99228
2.30819
0.761747
-1.06928
-2.50082
-2.99806
-2.37522
-0.864992
0.968394
2.43999
3
2.43921
0.96713
-0.86627
-2.37603
-2.99811
-2.50009
-1.06803
0.763038
2.30904
2.99238
2.55777
1.16757
-0.658831
-2.23909
-2.98283
-2.61218
-1.26561
0.553782
2.16629
2.96946
2.66325
1.36204
-0.448025
-2.09071
-2.9523
-2.71091
-1.45673
0.341694
2.01246
2.93137
2.75511
1.54955
-0.234928
-1.93164
-2.90668
-2.79579
-1.64039
0.12786
1.84834
2.87828
2.8329
1.72914
-0.0206297
-1.76269
-2.84621
-2.86638
-1.81567
-0.0866274
1.67478
2.81049
2.8962
1.89989
0.193774
-1.58473
-2.77118
-2.92231
-1.98167
-0.300672
1.49266
2.72833
2.94469
2.06092
0.407186
-1.39867
-2.68199
-2.96331
-2.13754
-0.51318
1.3029
2.63222
2.97814
2.21142
0.618518
-1.20547
-2.57909
-2.98916
-2.28248
-0.723065
1.10649
2.52265
2.99636
2.35062
0.826687
-1.00609
-2.463
-2.99973
-2.41575
-0.929253
0.904416
2.40019
2.99926
2.4778
1.03063
-0.801581
-2.33432
-2.99496
-2.53668
-1.13069
0.697722
2.26546
2.98683
2.59231
1.22931
-0.59297
-2.19371
-2.97488
-2.64463
-1.32635
0.48746
2.11915
2.95913
2.69357
1.4217
-0.381328
-2.04189
-2.9396
-2.73907
-1.51523
0.274707
1.96201
2.91631
2.78107
1.60682
-0.167736
-1.87963
-2.88929
-2.81951
-1.69636
0.0605502
1.79484
2.85857
2.85434
1.78373
0.046713
-1.70776
-2.82421
-2.88553
-1.86882
-0.153917
1.61849
2.78623
2.91303
1.95152
0.260923
-1.52716
-2.74469
-2.9368
-2.03173
-0.367597
1.43387
2.69964
2.95682
2.10934
0.4738
-1.33875
-2.65114
-2.97306
-2.18425
-0.579397
1.24192
2.59925
2.9855
2.25637
0.684254
-1.1435
-2.54404
-2.99412
-2.3256
-0.788236
1.04362
2.48557
2.99892
2.39187
0.891211
-0.942402
-2.42393
-2.99988
-2.45507
-0.993046
0.839982
2.35919
2.99701
2.51514
1.09361
-0.736488
-2.29144
-2.9903
-2.57199
-1.19278
0.632053
2.22075
2.97977
2.62555
1.29042
-0.52681
-2.14723
-2.96544
-2.67576
-1.38642
0.420893
2.07096
2.94731
2.72254
1.48064
-0.314439
-1.99204
-2.92541
-2.76585
-1.57296
0.207582
1.91058
2.89978
2.80562
1.66328
-0.10046
-1.82667
-2.87043
-2.8418
-1.75147
-0.00679042
1.74043
2.83742
2.87435
1.83742
0.114032
-1.65196
-2.80078
-2.90323
-1.92103
-0.221128
1.56138
2.76056
2.92839
2.00217
0.327942
-1.46881
-2.71681
-2.94981
-2.08076
-0.434336
1.37436
2.66959
2.96746
2.15669
0.540174
-1.27815
-2.61895
-2.98132
-2.22986
-0.645323
1.18031
2.56497
2.99136
2.30018
0.749646
-1.08095
-2.50771
-2.99758
-2.36756
-0.853011
0.980221
2.44724
2.99997
2.43191
0.955285
-0.878234
-2.38364
-2.99852
-2.49315
-1.05634
0.775125
2.317
2.99324
2.55121
1.15604
-0.671024
-2.2474
-2.98414
-2.606
-1.25427
0.566066
2.17492
2.97122
2.65747
1.35089
-0.460385
-2.09966
-2.9545
-2.70553
-1.44578
0.354114
2.02171
2.934
2.75014
1.53883
-0.247391
-1.94119
-2.90975
-2.79123
-1.62991
0.140352
1.85818
2.88179
2.82876
1.7189
-0.0331334
-1.77279
-2.85013
-2.86266
-1.8057
-0.0741276
1.68514
2.81484
2.89291
1.89019
0.181294
-1.59534
-2.77595
-2.91946
-1.97226
-0.288228
1.50349
2.7335
2.94228
2.05182
0.394794
-1.40972
-2.68757
-2.96133
-2.12875
-0.500856
1.31415
0.879398
0.992202
0.734318
0.202092
-0.405635
-0.861817
-0.996023
-0.758115
-0.236974
0.3727
0.843133
0.998572
0.780943
0.271553
-0.339289
-0.823372
-0.999843
-0.802772
-0.305785
0.305444
0.802558
0.999837
0.823576
0.339626
-0.271208
-0.780719
-0.998552
-0.843326
-0.373033
0.236626
0.757881
0.995991
0.861999
0.405963
-0.201741
-0.734074
-0.992157
-0.879569
-0.438374
0.166598
0.709329
0.987054
0.896015
0.470225
-0.131242
-0.683677
-0.98069
-0.911316
-0.501474
0.0957189
0.657151
0.973071
0.925451
0.532082
-0.0600731
-0.629785
-0.964209
-0.938404
-0.56201
0.0243504
0.601614
0.954114
0.950157
0.59122
0.0114033
-0.572674
-0.9428
-0.960695
-0.619674
-0.0471425
0.543001
0.93028
0.970005
0.647336
0.0828214
-0.512635
-0.916571
-0.978075
-0.67417
-0.118394
0.481613
0.90169
0.984895
0.700142
0.153816
-0.449976
-0.885656
-0.990455
-0.725219
-0.189041
0.417763
0.86849
0.994749
0.749369
0.224025
-0.385016
-0.850214
-0.997772
-0.772562
-0.258722
0.351777
0.830851
0.999519
0.794766
0.293088
-0.318088
-0.810426
-0.999989
-0.815955
-0.327079
0.283993
0.788965
0.99918
0.8361
0.360653
-0.249534
-0.766496
-0.997093
-0.855177
-0.393765
0.214757
0.743046
0.993732
0.87316
0.426374
-0.179705
-0.718647
-0.989101
-0.890027
-0.458438
0.144423
0.693328
0.983205
0.905756
0.489916
-0.108957
-0.667124
-0.976053
-0.920328
-0.520768
0.0733515
0.640066
0.967652
0.933722
0.550953
-0.0376521
-0.612191
-0.958015
-0.945924
-0.580435
0.0019046
0.583533
0.947152
0.956915
0.609174
0.0338454
-0.554128
-0.935079
-0.966684
-0.637135
-0.069552
0.524016
0.921811
0.975217
0.664281
0.10517
-0.493233
-0.907364
-0.982503
-0.690578
-0.140653
0.46182
0.891757
0.988533
0.715992
0.175957
-0.429817
-0.87501
-0.993299
-0.740491
-0.211035
0.397264
0.857145
0.996796
0.764044
0.245844
-0.364203
-0.838184
-0.999018
-0.786619
-0.280339
0.330677
0.818151
0.999963
0.808189
0.314475
-0.296728
-0.797072
-0.99963
-0.828726
-0.348209
0.262399
0.774975
0.998019
0.848203
0.381498
-0.227735
-0.751886
-0.995132
-0.866596
-0.414299
0.19278
0.727837
0.990973
0.883881
0.446571
-0.157579
-0.702857
-0.985547
-0.900036
-0.478271
0.122176
0.676978
0.978861
0.915041
0.509361
-0.0866169
-0.650234
-0.970924
-0.928876
-0.539799
0.0509471
0.622659
0.961745
0.941523
0.569547
-0.0152122
-0.594288
-0.951337
-0.952967
-0.598567
-0.0205422
0.565157
0.939713
0.963192
0.626822
0.0562703
-0.535304
-0.926888
-0.972186
-0.654275
-0.0919265
0.504766
0.912877
0.979937
0.680892
0.127465
-0.473583
-0.8977
-0.986436
-0.706639
-0.162841
0.441794
0.881375
0.991674
0.731482
0.198008
-0.409441
-0.863923
-0.995643
-0.75539
-0.232923
0.376565
0.845367
0.99834
0.778333
0.26754
-0.343207
-0.82573
-0.999761
-0.80028
-0.301814
0.30941
0.805038
0.999904
0.821205
0.335703
-0.275217
-0.783316
-0.998768
-0.841079
-0.369163
0.240673
0.760593
0.996355
0.859878
0.40215
-0.205821
-0.736898
-0.992669
-0.877579
-0.434624
0.170706
0.712261
0.987714
0.894157
0.466542
-0.135373
-0.686713
-0.981496
-0.909592
-0.497863
0.099867
0.660287
0.974024
0.923864
0.528549
-0.0642331
-0.633017
-0.965306
-0.936955
-0.558558
0.0285171
0.604938
0.955354
0.948849
0.587853
0.00723543
-0.576086
-0.944181
-0.959529
-0.616397
-0.0429787
0.546497
0.931801
0.968983
0.644153
0.078667
-0.516209
-0.918229
-0.977198
-0.671086
-0.114255
0.485262
0.903484
0.984164
0.69716
0.149696
-0.453694
-0.887584
-0.989872
-0.722343
-0.184947
0.421546
0.870549
0.994314
0.746603
0.219961
-0.388859
-0.852401
-0.997485
-0.769908
-0.254693
0.355676
0.833164
0.999381
0.79223
0.2891
-0.322037
-0.812861
-1
-0.813538
-0.323138
0.287987
0.791519
0.99934
0.833806
0.356762
-0.253569
-0.769166
-0.997402
-0.853009
-0.38993
0.218826
0.745829
0.99419
0.871121
0.4226
-0.183804
-0.721539
-0.989706
-0.888119
-0.45473
0.148547
0.696326
0.983957
0.903982
0.486278
-0.113099
-0.670223
-0.976951
-0.918689
-0.517205
0.0775077
0.643263
0.968695
0.932222
0.54747
-0.0418169
-0.615481
-0.959201
-0.944563
-0.577036
0.00607263
0.586912
0.948481
0.955697
0.605864
0.0296794
-0.557593
-0.936548
-0.965609
-0.633917
-0.0653935
0.527561
0.923419
0.974286
0.66116
0.101024
-0.496855
-0.909108
-0.981718
-0.687558
-0.136525
0.465513
0.893635
0.987895
0.713076
0.171852
-0.433576
-0.87702
-0.992809
-0.737684
-0.206959
0.401085
0.859284
0.996454
0.761348
0.241802
-0.368082
-0.84045
-0.998825
-0.784039
-0.276335
0.334607
0.82054
0.999919
0.805727
0.310515
-0.300705
-0.799582
-0.999735
-0.826386
-0.344298
0.266419
0.777602
0.998273
0.845988
0.377642
-0.231792
-0.754628
-0.995534
-0.864508
-0.410502
0.196869
0.730689
0.991523
0.881924
0.442837
-0.161694
-0.705816
-0.986244
-0.898212
-0.474607
0.126312
0.68004
0.979705
0.913352
0.505769
-0.0907686
-0.653395
-0.971913
-0.927324
-0.536285
0.0551093
0.625915
0.962879
0.94011
0.566116
-0.0193796
-0.597635
-0.952614
-0.951695
-0.595223
-0.0163748
0.568591
0.94113
0.962063
0.623569
0.0521084
-0.53882
-0.928444
-0.971202
-0.651117
-0.0877753
0.50836
0.914571
0.979098
0.677834
0.12333
-0.47725
-0.899529
-0.985743
-0.703683
-0.158727
0.44553
0.883337
0.991128
0.728634
0.193921
-0.41324
-0.866015
-0.995246
-0.752652
-0.228867
0.380423
0.847586
0.998092
0.775709
0.263521
-0.347118
-0.828074
-0.999661
-0.797774
-0.297838
0.313371
0.807504
0.999953
0.818819
0.331774
-0.279222
-0.785901
-0.998966
-0.838817
-0.365286
0.244717
0.763293
0.996702
0.857743
0.398331
-0.209898
-0.739709
-0.993164
-0.875573
-0.430866
0.174812
0.71518
0.988357
0.892283
0.462851
-0.139502
-0.689737
-0.982286
-0.907852
-0.494244
0.104013
0.663412
0.974959
0.922261
0.525006
-0.068392
-0.636238
-0.966386
-0.935491
-0.555096
0.0326832
0.608252
0.956577
0.947525
0.584476
0.00306741
-0.579488
-0.945546
-0.958347
-0.61311
-0.0388141
0.549983
0.933305
0.967945
0.640959
0.0745111
-0.519775
-0.919872
-0.976305
-0.66799
-0.110113
0.488902
0.905263
0.983417
0.694166
0.145574
-0.457404
-0.889496
-0.989272
-0.719455
-0.180849
0.425322
0.872592
0.993862
0.743824
0.215893
-0.392696
-0.854573
-0.997181
-0.767242
-0.25066
0.359568
0.835462
0.999226
0.789679
0.285108
-0.32598
-0.815282
-0.999994
-0.811107
-0.31919
0.291976
0.79406
0.999483
0.831498
0.352865
-0.257598
-0.771823
-0.997694
-0.850826
-0.386089
0.222891
0.748599
0.99463
0.869066
0.418819
-0.187899
-0.724418
-0.990294
-0.886196
-0.451014
0.152667
0.699311
0.984692
0.902192
0.482632
-0.11724
-0.673311
-0.977832
-0.917035
-0.513633
0.0816625
0.646449
0.969722
0.930706
0.543978
-0.0459809
-0.618761
-0.960371
-0.943187
-0.573627
0.0102406
0.590282
0.949794
0.954462
0.602542
0.0255129
-0.561048
-0.938001
-0.964517
-0.630688
-0.0612338
0.531097
0.92501
0.973339
0.658027
0.0968763
-0.500468
-0.910836
-0.980916
-0.684525
-0.132395
0.469198
0.895498
0.98724
0.710148
0.167745
-0.437329
-0.879015
-0.992302
-0.734863
-0.20288
0.4049
0.861409
0.996095
0.758639
0.237755
-0.371954
-0.842701
-0.998614
-0.781445
-0.272327
0.338532
0.822916
0.999857
0.803252
0.306551
-0.304678
-0.802079
-0.999822
-0.824032
-0.340382
0.270434
0.780216
0.998509
0.843758
0.373779
-0.235844
-0.757356
-0.995919
-0.862406
-0.406698
0.200953
0.733528
0.992056
0.879951
0.439096
-0.165805
-0.708762
-0.986925
-0.896372
-0.470934
0.130445
0.68309
0.980532
0.911647
0.502169
-0.0949186
-0.656545
-0.972886
-0.925756
-0.532763
0.0592706
0.62916
0.963996
0.938681
0.562675
-0.0235467
-0.600972
-0.953873
-0.950407
-0.591868
-0.0122072
0.572015
0.942531
0.960918
0.620305
0.0479455
-0.542326
-0.929984
-0.9702
-0.647948
-0.0836226
0.511945
0.916249
0.978242
0.674763
0.119193
-0.480908
-0.901342
-0.985033
-0.700716
-0.15461
0.449257
0.885283
0.990566
0.725773
0.189831
-0.417032
-0.868092
-0.994831
-0.749902
-0.224808
0.384274
0.849791
0.997825
0.773072
0.259498
-0.351024
-0.830404
-0.999544
-0.795254
-0.293856
0.317326
0.809955
0.999985
0.816419
0.327839
-0.283222
-0.788471
-0.999147
-0.836541
-0.361403
0.248756
0.765979
0.997032
0.855593
0.394504
-0.213972
-0.742508
-0.993642
-0.873551
-0.427101
0.178914
0.718087
0.988982
0.890393
0.459152
-0.143628
-0.692749
-0.983058
-0.906097
-0.490617
0.108158
0.666525
0.975877
0.920642
0.521454
-0.0725497
-0.639449
-0.967449
-0.93401
-0.551624
0.0368487
0.611555
0.957784
0.946184
0.581089
-0.00110066
-0.582879
-0.946894
-0.957149
-0.609812
-0.0346488
0.553459
0.934794
0.96689
0.637755
0.070354
-0.523331
-0.921499
-0.975394
-0.664882
-0.105969
0.492534
0.907026
0.982652
0.69116
0.141449
-0.461107
-0.891393
-0.988654
-0.716553
-0.176748
0.429091
0.874621
0.993392
0.741031
0.211821
-0.396526
-0.85673
-0.99686
-0.764562
-0.246623
0.363454
0.837745
0.999054
0.787115
0.28111
-0.329918
-0.817688
-0.99997
-0.808662
-0.315238
0.29596
0.796586
0.999608
0.829175
0.348962
-0.261623
-0.774466
-0.997968
-0.848628
-0.382241
0.226952
0.751356
0.995053
0.866997
0.415031
-0.191991
-0.727285
-0.990865
-0.884257
-0.44729
0.156785
0.702285
0.98541
0.900386
0.478977
-0.121378
-0.676386
-0.978696
-0.915365
-0.510052
0.085816
0.649623
0.970731
0.929173
0.540475
-0.0501442
-0.62203
-0.961525
-0.941793
-0.570208
0.0144083
0.593641
0.951089
0.95321
0.599211
0.021346
-0.564494
-0.939438
-0.963408
-0.627448
-0.057073
0.534624
0.926586
0.972374
0.654883
0.092727
-0.504072
-0.912549
-0.980097
-0.681481
-0.128263
0.472875
0.897346
0.986568
0.707207
0.163634
-0.441073
-0.880995
-0.991777
-0.73203
-0.198796
0.408708
0.863518
0.995718
0.755917
0.233705
-0.37582
-0.844938
-0.998386
-0.778837
-0.268314
0.342451
0.825277
0.999778
0.800762
0.302581
-0.308645
-0.804561
-0.999892
-0.821663
-0.33646
0.274444
0.782816
0.998728
0.841514
0.36991
-0.239893
-0.760071
-0.996287
-0.860289
-0.402886
0.410069
1.47271
1.98514
1.75593
0.870696
-0.339828
-1.42339
-1.97518
-1.78903
-0.934506
0.269153
1.37226
1.96268
1.81985
0.997121
-0.198134
-1.31937
-1.94768
-1.84834
-1.05846
0.126862
1.26479
1.93019
1.87447
1.11845
-0.0554269
-1.2086
-1.91023
-1.8982
-1.17701
-0.0160787
1.15086
1.88783
1.91951
1.23406
0.0875637
-1.09165
-1.86302
-1.93836
-1.28954
-0.158937
1.03104
1.83582
1.95474
1.34336
0.230107
-0.969117
-1.80628
-1.96861
-1.39547
-0.300982
0.905955
1.77443
1.97997
1.4458
0.371473
-0.841634
-1.74031
-1.9888
-1.49428
-0.441489
0.776237
1.70396
1.99508
1.54084
0.510941
-0.709848
-1.66544
-1.99882
-1.58544
-0.57974
0.642552
1.62479
2
1.62801
0.647797
-0.574434
-1.58206
-1.99862
-1.6685
-0.715026
0.505582
1.5373
1.99469
1.70686
0.781341
-0.436083
-1.49059
-1.98821
-1.74303
-0.846658
0.366027
1.44196
1.97918
1.77698
0.910892
-0.295503
-1.3915
-1.96763
-1.80865
-0.973961
0.224601
1.33925
1.95356
1.83801
1.03579
-0.153412
-1.28529
-1.93699
-1.86503
-1.09629
0.0820273
1.22969
1.91795
1.88965
1.15538
-0.0105374
-1.17252
-1.89645
-1.91187
-1.21301
-0.0609659
1.11385
1.87253
1.93163
1.26908
0.132391
-1.05376
-1.84622
-1.94893
-1.32353
-0.203647
0.992314
1.81755
1.96374
1.37628
0.274643
-0.929603
-1.78655
-1.97604
-1.42728
-0.345288
0.865704
1.75327
1.98581
1.47645
0.415491
-0.800698
-1.71775
-1.99304
-1.52374
-0.485163
0.734668
1.68003
1.99773
1.56907
0.554215
-0.667699
-1.64016
-1.99986
-1.61241
-0.622559
0.599877
1.5982
1.99943
1.65368
0.690106
-0.531288
-1.55419
-1.99645
-1.69283
-0.756772
0.46202
1.5082
1.99092
1.72982
0.82247
-0.392161
-1.46028
-1.98284
-1.76461
-0.887116
0.3218
1.41049
1.97222
1.79713
0.950628
-0.251028
-1.3589
-1.95909
-1.82736
-1.01293
0.179936
1.30557
1.94345
1.85525
1.07393
-0.108613
-1.25058
-1.92532
-1.88077
-1.13356
0.0371516
1.19398
1.90474
1.90388
1.19174
0.0343574
-1.13586
-1.88172
-1.92456
-1.24839
-0.105822
1.07628
1.85629
1.94279
1.30345
0.177152
-1.01533
-1.82849
-1.95852
-1.35685
-0.248256
0.953086
1.79835
1.97176
1.40851
0.319042
-0.88962
-1.76592
-1.98247
-1.45837
-0.38942
0.825016
1.73123
1.99065
1.50636
0.4593
-0.759358
-1.69432
-1.99628
-1.55243
-0.528593
0.692729
1.65525
1.99936
1.59652
0.59721
-0.625214
-1.61406
-1.99989
-1.63856
-0.665064
0.5569
1.57081
1.99786
1.67851
0.732068
-0.487874
-1.52555
-1.99327
-1.71631
-0.798136
0.418225
1.47834
1.98614
1.75192
0.863183
-0.34804
-1.42924
-1.97647
-1.78529
-0.927127
0.277411
1.37831
1.96427
1.81638
0.989886
-0.206427
-1.32562
-1.94956
-1.84514
-1.05138
0.13518
1.27124
1.93236
1.87155
1.11153
-0.0637593
-1.21523
-1.91269
-1.89556
-1.17026
-0.0077427
1.15766
1.89057
1.91715
1.22749
0.0792348
-1.09862
-1.86603
-1.93629
-1.28315
-0.150626
1.03818
1.83911
1.95296
1.33718
0.221824
-0.976401
-1.80984
-1.96712
-1.38949
-0.292739
0.913379
1.77826
1.97878
1.44003
0.363279
-0.849189
-1.7444
-1.9879
-1.48872
-0.433355
0.783913
1.70831
1.99448
1.53551
0.502877
-0.717635
-1.67004
-1.99851
-1.58034
-0.571756
0.65044
1.62963
1.99999
1.62315
0.639905
-0.582414
-1.58714
-1.99891
-1.66389
-0.707235
0.513643
1.54262
1.99528
1.7025
0.773661
-0.444215
-1.49613
-1.98909
-1.73893
-0.839098
0.374219
1.44773
1.98036
1.77314
0.903462
-0.303745
-1.39747
-1.9691
-1.80508
-0.966672
0.232883
1.34543
1.95533
1.83471
1.02865
-0.161723
-1.29167
-1.93905
-1.862
-1.0893
0.0903557
1.23626
1.92029
1.88691
1.14857
-0.0188733
-1.17927
-1.89908
-1.9094
-1.20637
-0.0526332
1.12077
1.87544
1.92946
1.26262
0.124072
-1.06083
-1.84941
-1.94705
-1.31726
-0.195353
0.999543
1.82101
1.96214
1.37022
0.266384
-0.936976
-1.79028
-1.97474
-1.42143
-0.337074
0.873211
1.75726
1.9848
1.47082
0.407333
-0.80833
-1.722
-1.99233
-1.51832
-0.477072
0.742415
1.68454
1.99731
1.56389
0.546201
-0.675551
-1.64492
-1.99974
-1.60746
-0.614631
0.607824
1.6032
1.99961
1.64897
0.682276
-0.53932
-1.55943
-1.99693
-1.68838
-0.749049
0.470126
1.51366
1.99169
1.72563
0.814864
-0.400331
-1.46596
-1.98391
-1.76067
-0.879637
0.330025
1.41639
1.97359
1.79346
0.943286
-0.259296
-1.36501
-1.96075
-1.82395
-1.00573
0.188237
1.31188
1.9454
1.85212
1.06689
-0.116936
-1.25707
-1.92756
-1.87792
-1.12668
0.045486
1.20066
1.90726
1.90131
1.18503
0.0260222
-1.14271
-1.88452
-1.92228
-1.24187
-0.0974971
1.0833
1.85938
1.94079
1.29712
0.168847
-1.02251
-1.83185
-1.95682
-1.35071
-0.239982
0.960407
1.80199
1.97034
1.40258
0.310809
-0.897078
-1.76982
-1.98135
-1.45265
-0.38124
0.832603
1.73538
1.98983
1.50087
0.451183
-0.767063
-1.69873
-1.99576
-1.54716
-0.520549
0.700543
1.65991
1.99914
1.59148
0.589249
-0.633127
-1.61897
-1.99996
-1.63377
-0.657197
0.564902
1.57595
1.99823
1.67396
0.724304
-0.495954
-1.53092
-1.99394
-1.71202
-0.790485
0.426373
1.48394
1.9871
1.74788
0.855656
-0.356246
-1.43505
-1.97773
-1.78152
-0.919733
0.285664
1.38434
1.96582
1.81287
0.982634
-0.214717
-1.33185
-1.9514
-1.84191
-1.04428
0.143496
1.27766
1.93449
1.86859
1.10459
-0.0720906
-1.22184
-1.9151
-1.89289
-1.16349
0.000593423
1.16445
1.89327
1.91476
1.2209
0.0709045
-1.10558
-1.86902
-1.93419
-1.27675
-0.142312
1.04529
1.84237
1.95114
1.33096
0.213537
-0.983668
-1.81337
-1.9656
-1.38348
-0.28449
0.920787
1.78206
1.97755
1.43423
0.355078
-0.856729
-1.74846
-1.98697
-1.48314
-0.425213
0.791575
1.71263
1.99385
1.53016
0.494804
-0.72541
-1.67461
-1.99818
-1.57522
-0.563763
0.658318
1.63445
1.99995
1.61827
0.632001
-0.590384
-1.5922
-1.99917
-1.65925
-0.699431
0.521695
1.54791
1.99583
1.69811
0.765967
-0.452339
-1.50165
-1.98994
-1.73479
-0.831524
0.382405
1.45347
1.98151
1.76926
0.896017
-0.311982
-1.40342
-1.97055
-1.80147
-0.959366
0.24116
1.35159
1.95706
1.83138
1.02149
-0.17003
-1.29802
-1.94108
-1.85894
-1.0823
0.0986825
1.2428
1.92261
1.88413
1.14174
-0.0272089
-1.18599
-1.90168
-1.90691
-1.19971
-0.0442995
1.12766
1.87832
1.92725
1.25615
0.115751
-1.06789
-1.85257
-1.94512
-1.31098
-0.187055
1.00675
1.82444
1.96051
1.36414
0.25812
-0.944332
-1.79398
-1.9734
-1.41555
-0.328854
0.880703
1.76123
1.98376
1.46515
0.399169
-0.815948
-1.72623
-1.99158
-1.51289
-0.468972
0.750149
1.68901
1.99686
1.55868
0.538177
-0.683392
-1.64964
-1.99959
-1.60249
-0.606693
0.615761
1.60817
1.99976
1.64424
0.674434
-0.547343
-1.56463
-1.99737
-1.6839
-0.741313
0.478225
1.5191
1.99243
1.7214
0.807244
-0.408495
-1.47162
-1.98495
-1.7567
-0.872143
0.338244
1.42226
1.97492
1.78975
0.935927
-0.26756
-1.37109
-1.96237
-1.82052
-0.998515
0.196534
1.31816
1.94732
1.84896
1.05983
-0.125257
-1.26354
-1.92977
-1.87503
-1.11978
0.0538196
1.20731
1.90976
1.89871
1.17831
0.0176865
-1.14954
-1.8873
-1.91996
-1.23533
-0.08917
1.0903
1.86243
1.93876
1.29076
0.16054
-1.02966
-1.83518
-1.95508
-1.34455
-0.231704
0.96771
1.80559
1.9689
1.39662
0.302572
-0.904521
-1.77368
-1.9802
-1.44691
-0.373053
0.840175
1.73951
1.98897
1.49534
0.443057
-0.774755
-1.70312
-1.9952
-1.54187
-0.512495
0.708345
1.66455
1.99887
1.58642
0.581278
-0.641029
-1.62385
-2
-1.62894
-0.649318
0.572894
1.58107
1.99856
1.66939
0.716528
-0.504026
-1.53627
-1.99457
-1.70769
-0.782821
0.434514
1.48951
1.98803
1.74382
0.848114
-0.364446
-1.44085
-1.97895
-1.77771
-0.912323
0.293913
1.39034
1.96734
1.80934
0.975365
-0.223003
-1.33806
-1.95321
-1.83865
-1.03716
0.151809
1.28406
1.93659
1.86561
1.09763
-0.0804207
-1.22843
-1.91749
-1.89018
-1.1567
0.00892954
1.17122
1.89594
1.91234
1.21428
0.0625731
-1.11252
-1.87197
-1.93205
-1.27032
-0.133996
1.05239
1.8456
1.94929
1.32473
0.205247
-0.990917
-1.81687
-1.96405
-1.37745
-0.276236
0.928179
1.78583
1.97629
1.42841
0.346872
-0.864254
-1.75249
-1.986
-1.47754
-0.417064
0.799224
1.71692
1.99318
1.52478
0.486723
-0.733172
-1.67915
-1.9978
-1.57007
-0.55576
0.666184
1.63924
1.99988
1.61336
0.624087
-0.598343
-1.59723
-1.99939
-1.65458
-0.691615
0.529738
1.55318
1.99635
1.69369
0.75826
-0.460455
-1.50714
-1.99076
-1.73063
-0.823935
0.390584
1.45918
1.98263
1.76536
0.888557
-0.320213
-1.40935
-1.97195
-1.79783
-0.952043
0.249433
1.35772
1.95876
1.82801
1.01431
-0.178334
-1.30435
-1.94307
-1.85585
-1.07528
0.107008
1.24932
1.92489
1.88131
1.13488
-0.035544
-1.19269
-1.90425
-1.90438
-1.19303
-0.035965
1.13453
1.88117
1.925
1.24965
0.107428
-1.07493
-1.85569
-1.94317
-1.30467
-0.178754
1.01395
1.82784
1.95885
1.35803
0.249851
-0.951672
-1.79765
-1.97203
-1.40965
-0.320629
0.88818
1.76516
1.98268
1.45947
0.390997
-0.823551
-1.73042
-1.9908
-1.50742
-0.460865
0.75787
1.69346
1.99638
1.55345
0.530144
-0.69122
-1.65434
-1.9994
-1.59748
-0.598745
0.623687
1.61311
1.99987
1.63948
0.666581
-0.555356
-1.56981
-1.99778
-1.67938
-0.733564
0.486315
1.52451
1.99314
1.71714
0.79961
-0.416652
-1.47725
-1.98595
-1.7527
-0.864634
0.346457
1.42811
1.97622
1.78601
0.928552
-0.275819
-1.37714
-1.96397
-1.81705
-0.991283
0.204828
1.32442
1.9492
1.84576
1.05275
-0.133576
-1.26999
-1.93194
-1.87212
-1.11287
0.0621522
1.21395
1.91221
1.89608
1.17156
0.00935058
-1.15635
-1.89004
-1.91761
-3.68628
-0.242524
3.29183
5.59636
5.81008
3.85316
0.456687
-3.1104
-5.51544
-5.85991
-4.01511
-0.670265
2.92499
5.42747
5.90224
4.17193
0.882987
-2.73584
-5.33256
-5.93703
-4.32342
-1.09458
2.5432
5.23084
5.96423
4.46938
1.30477
-2.3473
-5.12242
-5.9838
-4.60963
-1.5133
2.1484
5.00746
5.99573
4.74399
1.71989
-1.94676
-4.8861
-5.99999
-4.87228
-1.92428
1.74263
4.75849
5.99658
4.99434
2.12622
-1.53627
-4.6248
-5.9855
-5.11002
-2.32543
1.32794
4.48519
5.96677
5.21916
2.52167
-1.11792
-4.33985
-5.94042
-5.32164
-2.71469
0.906467
4.18897
5.90647
5.41731
2.90424
-0.693857
-4.03272
-5.86496
-5.50605
-3.09007
0.48036
3.87133
5.81597
5.58776
3.27196
-0.266248
-3.70498
-5.75953
-5.66232
-3.44966
0.0517965
3.5339
5.69574
5.72964
3.62295
0.162721
-3.3583
-5.62466
-5.78964
-3.79161
-0.377031
3.17841
5.54639
5.84224
3.95542
0.590859
-2.99445
-5.46103
-5.88737
-4.11418
-0.803932
2.80666
5.36869
5.92497
4.26768
1.01598
-2.61529
-5.26949
-5.955
-4.41572
-1.22672
2.42058
5.16355
5.97741
4.55811
1.4359
-2.22277
-5.051
-5.99219
-4.69468
-1.64324
2.02211
4.93201
5.9993
4.82525
1.84848
-1.81888
-4.8067
-5.99874
-4.94965
-2.05136
1.61331
4.67526
5.99052
5.06772
2.25162
-1.40569
-4.53783
-5.97464
-5.17931
-2.449
1.19627
4.3946
5.95111
5.28428
2.64324
-0.985317
-4.24576
-5.91999
-5.3825
-2.83411
0.773106
4.09149
5.88129
5.47384
3.02135
-0.559907
-3.93199
-5.83507
-5.55817
-3.20474
0.345993
3.76746
5.7814
5.63541
3.38402
-0.131636
-3.59811
-5.72033
-5.70544
-3.55898
-0.0828897
3.42417
5.65196
5.76817
3.72939
0.297309
-3.24585
-5.57635
-5.82353
-3.89503
-0.511348
3.06338
5.49362
5.87145
4.05569
0.724734
-2.87699
-5.40387
-5.91186
-4.21117
-0.937193
2.68692
5.3072
5.94471
4.36127
1.14845
-2.49342
-5.20375
-5.96996
-4.50579
-1.35825
2.29673
5.09365
5.98758
4.64454
1.5663
-2.09711
-4.97704
-5.99755
-4.77737
-1.77236
1.8948
4.85407
5.99985
4.90408
1.97615
-1.69008
-4.72489
-5.99448
-5.02452
-2.17741
1.48319
4.58967
5.98144
5.13855
2.37589
-1.27441
-4.44858
-5.96076
-5.246
-2.57133
1.06399
4.3018
5.93246
5.34674
2.76348
-0.852219
-4.14953
-5.89657
-5.44065
-2.9521
0.639356
3.99195
5.85315
5.52761
3.13695
-0.425676
-3.82927
-5.80224
-5.6075
-3.31779
0.211451
3.66169
5.74392
5.68022
3.49438
0.00304339
-3.48943
-5.67826
-5.74568
-3.66651
-0.217534
3.31271
5.60533
5.80379
3.83395
0.431747
-3.13176
-5.52524
-5.85449
-3.99649
-0.645408
2.9468
5.43809
5.8977
4.15392
0.858243
-2.75808
-5.34398
-5.93337
-4.30604
-1.06998
2.56583
5.24304
5.96145
4.45266
1.28035
-2.3703
-5.1354
-5.98192
-4.59358
-1.48909
2.17173
5.02119
5.99473
4.72864
1.69592
-1.9704
-4.90057
-5.99989
-4.85764
-1.90058
1.76654
4.77368
5.99737
4.98044
2.10281
-1.56043
-4.64069
-5.98719
-5.09687
-2.30236
1.35232
4.50176
5.96935
5.20678
2.49896
-1.14248
-4.35708
-5.94388
-5.31004
-2.69236
0.93118
4.20683
5.91081
5.40651
2.88233
-0.718691
-4.05121
-5.87019
-5.49607
-3.06861
0.505283
3.8904
5.82206
5.5786
3.25096
-0.29123
-3.72462
-5.76649
-5.654
-3.42917
0.0768035
3.55408
5.70355
5.72217
3.60298
0.137721
-3.37899
-5.63331
-5.78303
-3.77219
-0.352069
3.19959
5.55588
5.83649
3.93658
0.565967
-3.01609
-5.47134
-5.88249
-4.09594
-0.779142
2.82874
5.37981
5.92097
4.25006
0.99132
-2.63778
-5.2814
-5.95189
-4.39875
-1.20223
2.44344
5.17624
5.97519
4.54181
1.41161
-2.24598
-5.06446
-5.99086
-4.67907
-1.61918
2.04564
4.94621
5.99886
4.81034
1.82468
-1.84269
-4.82163
-5.9992
-4.93547
-2.02784
1.63739
4.69089
5.99187
5.05429
2.22842
-1.42999
-4.55415
-5.97688
-5.16664
-2.42614
1.22076
4.41159
5.95425
5.27239
2.62077
-1.00998
-4.26339
-5.92401
-5.3714
-2.81204
0.797899
4.10975
5.88619
5.46355
2.99972
-0.584802
-3.95084
-5.84085
-5.54871
-3.18357
0.370956
3.78689
5.78804
5.62677
3.36334
-0.156637
-3.6181
-5.72783
-5.69765
-3.53882
-0.057883
3.44468
5.6603
5.76123
3.70977
0.272329
-3.26685
-5.58554
-5.81746
-3.87598
-0.486427
3.08485
5.50363
5.86625
4.03723
0.699902
-2.89891
-5.41469
-5.90753
-4.19332
-0.912483
2.70926
5.31882
5.94127
4.34405
1.1239
-2.51615
-5.21616
-5.96741
-4.48923
-1.33388
2.31982
5.10683
5.98592
4.62867
1.54215
-2.12052
-4.99097
-5.99678
-4.76219
-1.74845
1.91852
4.86872
5.99997
4.88963
1.95252
-1.71406
-4.74026
-5.9955
-5.01081
-2.15409
1.50741
4.60573
5.98335
5.12559
2.3529
-1.29883
-4.46532
-5.96356
-5.23381
-2.54871
1.08859
4.3192
5.93615
5.33535
2.74126
-0.876966
-4.16756
-5.90115
-5.43006
-2.93031
0.664216
4.01059
5.8586
5.51784
3.1156
-0.450617
-3.84849
-5.80856
-5.59855
-3.29692
0.236442
3.68147
5.7511
5.67211
3.47402
-0.021965
-3.50975
-5.68629
-5.73842
-3.64668
-0.19254
3.33354
5.6142
5.7974
3.81468
0.4068
-3.15306
-5.53494
-5.84896
-3.97781
-0.620539
2.96856
5.4486
5.89305
4.13584
0.833485
-2.78026
-5.3553
-5.9296
-4.28859
-1.04537
2.58841
5.25515
5.95857
4.43586
1.25591
-2.39325
-5.14829
-5.97992
-4.57746
-1.46485
2.19503
5.03484
5.99363
4.7132
1.67191
-1.994
-4.91496
-5.99968
-4.84292
-1.87684
1.79043
4.78879
5.99806
4.96645
2.07937
-1.58456
-4.6565
-5.98877
-5.08363
-2.27924
1.37667
4.51826
5.97182
5.19431
2.4762
-1.16702
-4.37424
-5.94724
-5.29835
-2.66999
0.955878
4.22463
5.91506
5.39562
2.86037
-0.743513
-4.06962
-5.87531
-5.48599
-3.04709
0.530199
3.90941
5.82806
5.56934
3.22992
-0.316206
-3.74419
-5.77335
-5.64558
-3.40861
0.101809
3.5742
5.71126
5.7146
3.58295
0.112718
-3.39963
-5.64187
-5.77631
-3.75271
-0.327101
3.22072
5.56527
5.83064
3.91768
0.541065
-3.03769
-5.48156
-5.87752
-4.07763
-0.754338
2.85077
5.39084
5.91688
4.23237
0.966647
-2.66022
-5.29322
-5.94867
-4.3817
-1.17772
2.46626
5.18884
5.97287
4.52543
1.38729
-2.26915
-5.07782
-5.98943
-4.66337
-1.59508
2.06913
4.96032
5.99833
4.79535
1.80084
-1.86648
-4.83647
-5.99956
-4.92121
-2.00429
1.66143
4.70644
5.99312
5.04077
2.20518
-1.45426
-4.57039
-5.97902
-5.15388
-2.40325
1.24524
4.42851
5.95728
5.26041
2.59825
-1.03462
-4.28095
-5.92792
-5.36021
-2.78993
0.822679
4.12793
5.89099
5.45316
2.97804
-0.609686
-3.96963
-5.84652
-5.53914
-3.16234
0.395914
3.80626
5.79458
5.61804
3.3426
-0.181635
-3.63801
-5.73523
-5.68976
-3.51859
-0.0328753
3.46512
5.66855
5.7542
3.69008
0.247344
-3.2878
-5.59462
-5.81129
-3.85685
-0.461496
3.10628
5.51354
5.86094
4.01869
0.675059
-2.92078
-5.42541
-5.90311
-4.1754
-0.887758
2.73155
5.33035
5.93773
4.32677
1.09932
-2.53883
-5.22847
-5.96475
-4.4726
-1.30948
2.34286
5.11991
5.98416
4.61272
1.51797
-2.1439
-5.0048
-5.99591
-4.74694
-1.72451
1.9422
4.8833
6
4.87509
1.92885
-1.73801
-4.75555
-5.99641
-4.99701
-2.13073
1.5316
4.62172
5.98516
5.11254
2.32988
-1.32324
-4.48199
-5.96626
-5.22154
-2.52605
1.11318
4.33652
5.93974
5.32386
2.71899
-0.901698
-4.18551
-5.90562
-5.41938
-2.90846
0.689065
4.02915
5.86395
5.50796
3.09421
-0.475551
-3.86764
-5.81478
-5.58951
-3.276
0.261429
3.70119
5.75818
5.66391
3.4536
-0.046973
-3.53
-5.69422
-5.73107
-3.62679
-0.167543
3.3543
5.62298
5.7909
3.79535
0.381845
-3.17431
-5.54455
-5.84333
-3.95905
-0.595659
2.99027
5.45903
5.88829
4.11769
0.808712
-2.8024
-5.36653
-5.92573
-4.27106
-1.02073
2.61095
5.26718
5.95558
4.41898
1.23144
-2.41616
-5.16109
-5.97783
-4.56125
-1.44058
2.21828
5.0484
5.99243
4.69768
1.64788
-2.01757
-4.92926
-5.99937
-4.82811
-1.85307
1.81428
4.80381
5.99864
4.95237
2.05589
-1.60867
-4.67223
-5.99025
-5.0703
-2.25609
1.401
4.53467
5.97419
5.18175
2.4534
-1.19154
-4.39132
-5.9505
-5.28657
-2.64757
0.980558
4.24235
5.9192
5.38463
2.83836
-0.768323
-4.08796
-5.88033
-5.47581
-3.02552
0.555105
3.92834
5.83395
5.55999
3.20881
-0.341177
-3.7637
-5.78011
-5.63706
-3.388
0.126813
3.59425
5.71888
5.70693
3.56286
0.0877129
-3.42021
-5.65034
-5.7695
-3.73317
-0.302127
3.24179
5.57457
5.82469
3.8987
0.516154
-3.05923
-5.49168
-5.87244
-4.05925
-0.729522
2.87275
5.40177
5.91268
4.21461
0.941957
-2.68261
-5.30495
-5.94536
-4.36458
-1.15319
2.48903
5.20135
5.97044
4.50897
1.36294
-2.29228
-5.0911
-5.98789
-4.6476
-1.57096
2.09259
4.97435
5.99768
4.78028
1.77697
-1.89023
-4.85123
-5.99981
-4.90686
-1.9807
1.68545
4.72191
5.99427
5.02716
2.1819
-1.47851
-4.58656
-5.98106
-5.14103
-2.38031
1.26969
4.44534
5.96021
5.24834
2.57568
-1.05924
-4.29844
-5.93174
-5.34893
-2.76776
0.847444
4.14604
5.89568
5.44269
2.9563
-0.63456
-3.98835
-5.85209
-5.52948
-3.14106
0.420864
3.82555
5.80101
5.60921
3.32181
-0.206631
-3.65787
-5.74253
-5.68177
-3.4983
-0.00786705
3.48551
5.6767
5.74707
3.67033
0.222355
-3.30869
-5.60361
-5.80501
-3.83766
-0.436558
3.12764
5.52336
5.85554
4.00009
0.650203
-2.9426
-5.43605
-5.89858
-4.1574
-0.863017
2.75379
5.34178
5.93408
4.3094
1.07473
-2.56147
-5.24069
-5.962
-4.45589
-1.28506
2.36586
5.1329
5.98229
4.59669
1.49376
-2.16724
-5.01855
-0
-0
-0
0
0
0
0
0
-0
-0
-0
-0
-0
0
0
0
0
0
-0
-0
-0
-0
-0
0
0
0
0
0
-0
-0
-0
-0
-0
0
0
0
0
0
-0
-0
-0
-0
-0
0
0
0
0
0
-0
-0
-0
-0
-0
-0
0
0
0
0
0
-0
-0
-0
-0
-0
0
0
0
0
0
-0
-0
-0
-0
-0
0
0
0
0
0
-0
-0
-0
-0
-0
0
0
0
0
0
-0
-0
-0
-0
-0
0
0
0
0
0
-0
-0
-0
-0
-0
0
0
0
0
0
-0
-0
-0
-0
-0
0
0
0
0
0
-0
-0
-0
-0
-0
0
0
0
0
0
-0
-0
-0
-0
-0
0
0
0
0
0
0
-0
-0
-0
-0
-0
0
0
0
0
0
-0
-0
-0
-0
-0
0
0
0
0
0
-0
-0
-0
-0
-0
0
0
0
0
0
-0
-0
-0
-0
-0
0
0
0
0
0
-0
-0
-0
-0
-0
0
0
0
0
0
-0
-0
-0
-0
-0
0
0
0
0
0
-0
-0
-0
-0
-0
0
0
0
0
0
-0
-0
-0
-0
-0
0
0
0
0
0
-0
-0
-0
-0
-0
0
0
0
0
0
0
-0
-0
-0
-0
-0
0
0
0
0
0
-0
-0
-0
-0
-0
0
0
0
0
0
-0
-0
-0
-0
-0
0
0
0
0
0
-0
-0
-0
-0
-0
0
0
0
0
0
-0
-0
-0
-0
-0
0
0
0
0
0
-0
-0
-0
-0
-0
0
0
0
0
0
-0
-0
-0
-0
-0
0
0
0
0
0
-0
-0
-0
-0
-0
0
0
0
0
0
-0
-0
-0
-0
-0
-0
0
0
0
0
0
-0
-0
-0
-0
-0
0
0
0
0
0
-0
-0
-0
-0
-0
0
0
0
0
0
-0
-0
-0
-0
-0
0
0
0
0
0
-0
-0
-0
-0
-0
0
0
0
0
0
-0
-0
-0
-0
-0
0
0
0
0
0
-0
-0
-0
-0
-0
0
0
0
0
0
-0
-0
-0
-0
-0
0
0
0
0
0
-0
-0
-0
-0
-0
0
0
0
0
0
0
-0
-0
-0
-0
-0
0
0
0
0
0
-0
-0
-0
-0
-0
0
0
0
0
0
-0
-0
-0
-0
-0
0
0
0
0
0
-0
-0
-0
-0
-0
0
0
0
0
0
-0
-0
-0
-0
-0
0
0
0
0
0
-0
-0
-0
-0
-0
0
0
0
0
0
-0
-0
-0
-0
-0
0
0
0
0
0
-0
-0
-0
-0
-0
0
0
0
0
0
-0
-0
-0
-0
-0
0
0
0
0
0
0
-0
-0
-0
-0
-0
0
0
0
0
0
-0
-0
-0
-0
-0
0
0
0
0
0
-0
-0
-0
-0
-0
0
0
0
0
0
-0
-0
-0
-0
-0
0
0
0
0
0
-0
-0
-0
-0
-0
0
0
0
0
0
-0
-0
-0
-0
-0
0
0
0
0
0
-0
-0
-0
-0
-0
0
0
0
0
0
-0
-0
-0
-0
-0
0
0
0
0
0
-0
-0
-0
-0
-0
-0
0
0
0
0
0
-0
-0
-0
-0
-0
0
0
0
0
0
-0
-0
-0
-0
-0
0
0
0
0
0
-0
-0
-0
-0
-0
0
0
0
0
0
-0
-0
-0
-0
-0
0
0
0
0
0
-0
-0
-0
-0
-0
0
0
0
0
0
-0
-0
-0
-0
-0
0
0
0
0
0
-0
-0
-0
-0
-0
0
0
0
0
0
-0
-0
-0
-0
-0
0
0
0
0
0
0
-0
-0
-0
-0
-0
0
0
0
0
0
-0
-0
-0
-0
-0
0
0
0
0
0
-0
-0
-0
-0
-0
0
0
0
0
0
-0
-0
-0
-0
-0
0
0
0
0
0
-0
-0
-0
-0
-0
0
0
0
0
0
-0
-0
-0
-0
-0
0
0
0
0
0
-0
-0
-0
-0
-0
0
0
0
0
0
-0
-0
-0
-0
-0
0
0
0
0
0
-0
-0
-0
-0
-0
0
0
0
0
0
0
-0
-0
-0
-0
-0
0
0
0
0
0
-0
-0
-0
-0
-0
0
0
0
0
0
-0
-0
-0
-0
-0
0
0
0
0
0
-0
-0
-0
-0
-0
0
0
0
0
0
-0
-0
-0
-0
-0
0
0
0
0
0
-0
-0
-0
-0
-0
0
0
0
0
0
-0
-0
-0
-0
-0
0
0
0
0
0
-0
-0
-0
-0
-0
0
0
0
0
0
-0
-0
-0
-0
-0
-0
0
0
0
0
0
-0
-0
-0
-0
-0
0
0
0
0
0
-0
-0
-0
-0
-0
0
0
0
0
0
-0
-0
-0
-0
-0
0
0
0
0
0
-0
-0
-0
-0
-0
0
0
0
0
0
-0
-0
-0
-0
-0
0
0
0
0
0
-0
-0
-0
-0
-0
0
0
0
0
0
-0
-0
-0
-0
-0
0
0
0
0
0
-0
-0
-0
-0
-0
0
0
0
0
0
-0
-0
-0
-0
-0
-0
0
0
0
0
0
-0
-0
-0
-0
-0
0
0
0
0
0
-0
-0
-0
-0
-0
0
0
0
0
0
-0
-0
-0
-0
-0
0
0
0
0
0
-0
-0
-0
-0
-0
0
0
0
0
0
-0
-0
-0
-0
-0
0
0
0
0
0
-0
-0
-0
-0
-0
0
0
0
0
0
-0
-0.677087
-0.978891
-0.914981
-0.509233
0.0867647
0.650347
0.970959
0.928821
0.539674
-0.0510953
-0.622775
-0.961786
-0.941473
-0.569425
0.0153605
0.594407
0.951383
0.952922
0.598448
0.0203939
-0.565279
-0.939764
-0.963152
-0.626706
-0.0561222
0.535429
0.926943
0.972151
0.654163
0.0917788
-0.504894
-0.912938
-0.979908
-0.680784
-0.127318
0.473714
0.897765
0.986412
0.706534
0.162695
-0.441928
-0.881445
-0.991654
-0.731381
-0.197863
0.409577
0.863998
0.995629
0.755293
0.232779
-0.376702
-0.845447
-0.998332
-0.77824
-0.267397
0.343346
0.825814
0.999758
0.800191
0.301673
-0.309551
-0.805126
-0.999906
-0.82112
-0.335563
0.27536
0.783409
0.998775
0.840999
0.369025
-0.240817
-0.76069
-0.996368
-0.859803
-0.402014
0.205967
0.736998
0.992687
0.877507
0.43449
-0.170853
-0.712365
-0.987737
-0.89409
-0.466411
0.13552
0.686821
0.981525
0.90953
0.497735
-0.100015
-0.660399
-0.974057
-0.923807
-0.528423
0.0643811
0.633132
0.965344
0.936904
0.558435
-0.0286654
-0.605056
-0.955398
-0.948802
-0.587733
-0.00708708
0.576207
0.94423
0.959488
0.61628
0.0428304
-0.546621
-0.931855
-0.968947
-0.64404
-0.0785191
0.516336
0.918288
0.977167
0.670976
0.114107
-0.485391
-0.903548
-0.984138
-0.697054
-0.14955
0.453826
0.887652
0.989851
0.722241
0.184801
-0.421681
-0.870622
-0.994298
-0.746504
-0.219816
0.388996
0.852479
0.997475
0.769814
0.25455
-0.355814
-0.833246
-0.999376
-0.792139
-0.288958
0.322178
0.812948
1
0.813452
0.322997
-0.288129
-0.79161
-0.999345
-0.833724
-0.356624
0.253712
0.769261
0.997413
0.852931
0.389794
-0.218971
-0.745928
-0.994206
-0.871048
-0.422466
0.18395
0.721641
0.989727
0.888051
0.454598
-0.148693
-0.696432
-0.983984
-0.903918
-0.486149
0.113247
0.670333
0.976982
0.918631
0.517078
-0.0776556
-0.643377
-0.968732
-0.932168
-0.547346
0.0419651
0.615598
0.959243
0.944515
0.576915
-0.00622099
-0.587032
-0.948528
-0.955653
-0.605746
-0.0295311
0.557716
0.9366
0.96557
0.633802
0.0652454
-0.527687
-0.923475
-0.974253
-0.661049
-0.100876
0.496983
0.90917
0.98169
0.68745
0.136378
-0.465644
-0.893702
-0.987872
-0.712972
-0.171706
0.43371
0.877092
0.992791
0.737584
0.206814
-0.401221
-0.85936
-0.996441
-0.761252
-0.241658
0.36822
0.84053
0.998818
0.783947
0.276193
-0.334747
-0.820625
-0.999917
-0.805639
-0.310374
0.300847
0.799671
0.999738
0.826302
0.344159
-0.266562
-0.777695
-0.998281
-0.845909
-0.377504
0.231936
0.754725
0.995548
0.864434
0.410367
-0.197014
-0.73079
-0.991542
-0.881854
-0.442704
0.16184
0.705921
0.986269
0.898147
0.474476
-0.126459
-0.680149
-0.979735
-0.913291
-0.505641
0.0909163
0.653508
0.971948
0.927268
0.53616
-0.0552574
-0.626031
-0.962919
-0.94006
-0.565994
0.0195279
0.597754
0.952659
0.95165
0.595104
0.0162265
-0.568713
-0.941181
-0.962023
-0.623453
-0.0519602
0.538945
0.928499
0.971166
0.651005
0.0876275
-0.508487
-0.914631
-0.979068
-0.677725
-0.123183
0.47738
0.899594
0.985718
0.703578
0.158581
-0.445663
-0.883406
-0.991108
-0.728532
-0.193776
0.413375
0.866089
0.995232
0.752555
0.228723
-0.38056
-0.847665
-0.998082
-0.775615
-0.263378
0.347258
0.828157
0.999657
0.797684
0.297696
-0.313511
-0.807591
-0.999954
-0.818734
-0.331634
0.279365
0.785992
0.998973
0.838736
0.365148
-0.244861
-0.763389
-0.996714
-0.857667
-0.398195
0.210043
0.739809
0.993182
0.875501
0.430732
-0.174958
-0.715284
-0.988379
-0.892216
-0.46272
0.139649
0.689844
0.982314
0.90779
0.494115
-0.104161
-0.663523
-0.974992
-0.922204
-0.524879
0.06854
0.636353
0.966424
0.935438
0.554972
-0.0328315
-0.60837
-0.95662
-0.947477
-0.584356
-0.00291906
0.579609
0.945594
0.958305
0.612993
0.0386658
-0.550107
-0.933359
-0.967908
-0.640845
-0.0743632
0.519901
0.91993
0.976273
0.667879
0.109965
-0.489031
-0.905326
-0.98339
-0.694059
-0.145427
0.457536
0.889564
0.98925
0.719352
0.180703
-0.425456
-0.872665
-0.993845
-0.743725
-0.215748
0.392833
0.85465
0.99717
0.767147
0.250517
-0.359706
-0.835543
-0.99922
-0.789588
-0.284965
0.326121
0.815368
0.999993
0.81102
0.31905
-0.292118
-0.79415
-0.999487
-0.831416
-0.352726
0.257742
0.771917
0.997704
0.850748
0.385952
-0.223036
-0.748697
-0.994645
-0.868993
-0.418684
0.188045
0.72452
0.990315
0.886127
0.450881
-0.152814
-0.699417
-0.984718
-0.902128
-0.482502
0.117387
0.67342
0.977863
0.916976
0.513506
-0.0818104
-0.646562
-0.969758
-0.930651
-0.543853
0.0461291
0.618877
0.960413
0.943137
0.573505
-0.0103889
-0.590402
-0.94984
-0.954417
-0.602424
-0.0253646
0.561171
0.938053
0.964477
0.630573
0.0610857
-0.531223
-0.925067
-0.973305
-0.657915
-0.0967287
0.500596
0.910898
0.980887
0.684417
0.132248
-0.469329
-0.895564
-0.987216
-0.710044
-0.167598
0.437462
0.879086
0.992283
0.734763
0.202734
-0.405036
-0.861484
-0.996081
-0.758542
-0.237611
0.372092
0.842781
0.998606
0.781352
0.272184
-0.338672
-0.823
-0.999855
-0.803163
-0.306409
0.304819
0.802167
0.999825
0.823947
0.340243
-0.270577
-0.780309
-0.998517
-0.843678
-0.373641
0.235989
0.757453
0.995932
0.862331
0.406562
-0.201099
-0.733629
-0.992075
-0.879881
-0.438963
0.165952
0.708867
0.986949
0.896306
0.470803
-0.130592
-0.683198
-0.980561
-0.911586
-0.502041
0.0950663
0.656657
0.97292
0.9257
0.532637
-0.0594187
-0.629276
-0.964035
-0.93863
-0.562553
0.023695
0.60109
0.953918
0.950361
0.591749
0.0120589
-0.572136
-0.942581
-0.960877
-0.620188
-0.0477974
0.542451
0.930039
0.970164
0.647835
0.0834747
-0.512072
-0.916308
-0.978211
-0.674654
-0.119045
0.481038
0.901406
0.985008
0.70061
0.154464
-0.44939
-0.885352
-0.990545
-0.725671
-0.189685
0.417167
0.868165
0.994816
0.749803
0.224663
-0.384411
-0.849869
-0.997816
-0.772978
-0.259355
0.351163
0.830486
0.999539
0.795164
0.293715
-0.317467
-0.810042
-0.999985
-0.816333
-0.327699
0.283364
0.788562
0.999153
0.836459
0.361264
-0.2489
-0.766074
-0.997043
-0.855516
-0.394368
0.214117
0.742607
0.993659
0.873479
0.426967
-0.17906
-0.71819
-0.989004
-0.890326
-0.459021
0.143775
0.692856
0.983085
0.906034
0.490487
-0.108305
-0.666635
-0.97591
-0.920584
-0.521327
0.0726977
0.639563
0.967486
0.933957
0.5515
-0.036997
-0.611672
-0.957826
-0.946136
-0.580969
0.00124901
0.583
0.946942
0.957106
0.609694
0.0345006
-0.553582
-0.934847
-0.966852
-0.63764
-0.070206
0.523457
0.921556
0.975362
0.664771
0.105822
-0.492663
-0.907088
-0.982625
-0.691052
-0.141302
0.461239
0.89146
0.988632
0.71645
0.176602
-0.429225
-0.874693
-0.993375
-0.740932
-0.211676
0.396662
0.856807
0.996848
0.764466
0.246479
-0.363592
-0.837826
-0.999047
-0.787024
-0.280968
0.330058
0.817774
0.999969
0.808575
0.315097
-0.296101
-0.796676
-0.999612
-0.829092
-0.348823
0.261767
0.77456
0.997978
0.84855
0.382104
-0.227097
-0.751454
-0.995067
-0.866923
-0.414896
0.192137
0.727387
0.990885
0.884187
0.447157
-0.156931
-0.70239
-0.985436
-0.900322
-0.478847
0.121525
0.676496
0.978727
0.915305
0.509925
-0.0859638
-0.649736
-0.970767
-0.929118
-0.540351
0.0502924
0.622146
0.961566
0.941744
0.570086
-0.0145567
-0.593761
-0.951135
-0.953165
-0.599092
-0.0211977
0.564616
0.939489
0.963368
0.627332
0.0569249
-0.53475
-0.926642
-0.972339
-0.654771
-0.0925793
0.5042
0.91261
0.980068
0.681372
0.128115
-0.473005
-0.897411
-0.986543
-0.707103
-0.163488
0.441206
0.881065
0.991758
0.731929
0.198651
-0.408843
-0.863593
-0.995704
-0.75582
-0.23356
0.375957
0.845017
0.998378
0.778744
0.268171
-0.342591
-0.82536
-0.999775
-0.800673
-0.302439
0.308786
0.804649
0.999894
0.821578
0.33632
-0.274587
-0.782909
-0.998735
-0.841434
-0.369772
0.240037
0.760168
0.996299
0.860213
0.40275
-0.20518
-0.736455
-0.99259
-0.877893
-0.435214
0.17006
0.7118
0.987611
0.89445
0.467122
-0.134724
-0.686236
-0.98137
-0.909864
-0.498432
0.0992147
0.659795
0.973875
0.924115
0.529105
-0.0635788
-0.63251
-0.965134
-0.937184
-0.559102
0.0278617
0.604416
0.95516
0.949056
0.588384
0.007891
-0.57555
-0.943965
-0.959714
-0.616913
-0.0436336
0.545948
0.931563
0.969145
0.644654
0.0793205
-0.515648
-0.917969
-0.977337
-0.671571
-0.114906
0.484688
0.903203
0.98428
0.69763
0.150345
-0.45311
-0.887282
-0.989965
-0.722796
-0.185591
0.420952
0.870226
0.994384
0.747039
0.2206
-0.388255
-0.852058
-0.997532
-0.770327
-0.255327
0.355063
0.832801
0.999404
0.792629
0.289728
-0.321416
-0.812479
-0.999999
-0.813919
-0.323758
0.287359
0.791119
0.999316
0.834168
0.357375
-0.252934
-0.768747
-0.997355
-0.853351
-0.390534
0.218186
0.745392
0.994119
0.871442
0.423194
-0.183159
-0.721085
-0.989612
-0.88842
-0.455314
0.147898
0.695855
0.98384
0.904262
0.486851
-0.112448
-0.669736
-0.976811
-0.918948
-0.517766
0.0768541
0.642761
0.968532
0.932459
0.548019
-0.0411619
-0.614964
-0.959016
-0.944778
-0.577571
0.00541706
0.586381
0.948273
0.95589
0.606385
0.0303347
-0.557049
-0.936318
-0.965779
-0.634424
-0.0660476
0.527004
0.923167
0.974434
0.661652
0.101676
-0.496286
-0.908835
-0.981843
-0.688034
-0.137175
0.464933
0.893341
0.987997
0.713536
0.172498
-0.432986
-0.876705
-0.992887
-0.738126
-0.207601
0.400485
0.858949
0.996509
0.761773
0.242438
-0.367472
-0.840094
-0.998856
-0.784445
-0.276965
0.33399
0.820166
0.999927
0.806115
0.311138
-0.30008
-0.799188
-0.99972
-0.826755
-0.344914
0.265787
0.77719
0.998234
0.846337
0.378249
-0.231154
-0.754197
-0.995472
-0.864838
-0.4111
0.196226
0.730241
0.991438
0.882233
0.443425
-0.161047
-0.705351
-0.986136
-0.8985
-0.475184
0.125661
0.679559
0.979573
0.913618
0.506335
-0.0901157
-0.652899
-0.971759
-0.927569
-0.536839
0.0544547
0.625404
0.962702
0.940334
0.566656
-0.0187242
-0.597109
-0.952414
-0.951896
-0.595749
-0.0170303
0.568051
0.940909
0.962242
0.624081
0.0527631
-0.538267
-0.9282
-0.971358
-0.651615
-0.0884283
0.507795
0.914306
0.979231
0.678316
0
-0
-0
-0
-0
-0
0
0
0
0
0
-0
-0
-0
-0
-0
0
0
0
0
0
-0
-0
-0
-0
-0
0
0
0
0
0
-0
-0
-0
-0
-0
0
0
0
0
0
-0
-0
-0
-0
-0
0
0
0
0
0
-0
-0
-0
-0
-0
0
0
0
0
0
-0
-0
-0
-0
-0
0
0
0
0
0
0
-0
-0
-0
-0
-0
0
0
0
0
0
-0
-0
-0
-0
-0
0
0
0
0
0
-0
-0
-0
-0
-0
0
0
0
0
0
-0
-0
-0
-0
-0
0
0
0
0
0
-0
-0
-0
-0
-0
0
0
0
0
0
-0
-0
-0
-0
-0
0
0
0
0
0
-0
-0
-0
-0
-0
0
0
0
0
0
-0
-0
-0
-0
-0
0
0
0
0
0
-0
-0
-0
-0
-0
0
0
0
0
0
0
-0
-0
-0
-0
-0
0
0
0
0
0
-0
-0
-0
-0
-0
0
0
0
0
0
-0
-0
-0
-0
-0
0
0
0
0
0
-0
-0
-0
-0
-0
0
0
0
0
0
-0
-0
-0
-0
-0
0
0
0
0
0
-0
-0
-0
-0
-0
0
0
0
0
0
-0
-0
-0
-0
-0
0
0
0
0
0
-0
-0
-0
-0
-0
0
0
0
0
0
-0
-0
-0
-0
-0
-0
0
0
0
0
0
-0
-0
-0
-0
-0
0
0
0
0
0
-0
-0
-0
-0
-0
0
0
0
0
0
-0
-0
-0
-0
-0
0
0
0
0
0
-0
-0
-0
-0
-0
0
0
0
0
0
-0
-0
-0
-0
-0
0
0
0
0
0
-0
-0
-0
-0
-0
0
0
0
0
0
-0
-0
-0
-0
-0
0
0
0
0
0
-0
-0
-0
-0
-0
0
0
0
0
0
-0
-0
-0
-0
-0
-0
0
0
0
0
0
-0
-0
-0
-0
-0
0
0
0
0
0
-0
-0
-0
-0
-0
0
0
0
0
0
-0
-0
-0
-0
-0
0
0
0
0
0
-0
-0
-0
-0
-0
0
0
0
0
0
-0
-0
-0
-0
-0
0
0
0
0
0
-0
-0
-0
-0
-0
0
0
0
0
0
-0
-0
-0
-0
-0
0
0
0
0
0
-0
-0
-0
-0
-0
0
0
0
0
0
0
-0
-0
-0
-0
-0
0
0
0
0
0
-0
-0
-0
-0
-0
0
0
0
0
0
-0
-0
-0
-0
-0
0
0
0
0
0
-0
-0
-0
-0
-0
0
0
0
0
0
-0
-0
-0
-0
-0
0
0
0
0
0
-0
-0
-0
-0
-0
0
0
0
0
0
-0
-0
-0
-0
-0
0
0
0
0
0
-0
-0
-0
-0
-0
0
0
0
0
0
-0
-0
-0
-0
-0
-0
0
0
0
0
0
-0
-0
-0
-0
-0
0
0
0
0
0
-0
-0
-0
-0
-0
0
0
0
0
0
-0
-0
-0
-0
-0
0
0
0
0
0
-0
-0
-0
-0
-0
0
0
0
0
0
-0
-0
-0
-0
-0
0
0
0
0
0
-0
-0
-0
-0
-0
0
0
0
0
0
-0
-0
-0
-0
-0
0
0
0
0
0
-0
-0
-0
-0
-0
0
0
0
0
0
-0
-0
-0
-0
-0
-0
0
0
0
0
0
-0
-0
-0
-0
-0
0
0
0
0
0
-0
-0
-0
-0
-0
0
0
0
0
0
-0
-0
-0
-0
-0
0
0
0
0
0
-0
-0
-0
-0
-0
0
0
0
0
0
-0
-0
-0
-0
-0
0
0
0
0
0
-0
-0
-0
-0
-0
0
0
0
0
0
-0
-0
-0
-0
-0
0
0
0
0
0
-0
-0
-0
-0
-0
0
0
0
0
0
0
-0
-0
-0
-0
-0
0
0
0
0
0
-0
-0
-0
-0
-0
0
0
0
0
0
-0
-0
-0
-0
-0
0
0
0
0
0
-0
-0
-0
-0
-0
0
0
0
0
0
-0
-0
-0
-0
-0
0
0
0
0
0
-0
-0
-0
-0
-0
0
0
0
0
0
-0
-0
-0
-0
-0
0
0
0
0
0
-0
-0
-0
-0
-0
0
0
0
0
0
-0
-0
-0
-0
-0
-0
0
0
0
0
0
-0
-0
-0
-0
-0
0
0
0
0
0
-0
-0
-0
-0
-0
0
0
0
0
0
-0
-0
-0
-0
-0
0
0
0
0
0
-0
-0
-0
-0
-0
0
0
0
0
0
-0
-0
-0
-0
-0
0
0
0
0
0
-0
-0
-0
-0
-0
0
0
0
0
0
-0
-0
-0
-0
-0
0
0
0
0
0
-0
-0
-0
-0
-0
0
0
0
0
0
-0
-0
-0
-0
-0
-0
0
0
0
0
0
-0
-0
-0
-0
-0
0
0
0
0
0
-0
-0
-0
-0
-0
0
0
0
0
0
-0
-0
-0
-0
-0
0
0
0
0
0
-0
-0
-0
-0
-0
0
0
0
0
0
-0
-0
-0
-0
-0
0
0
0
0
0
-0
-0
-0
-0
-0
0
0
0
0
0
-0
-0
-0
-0
-0
0
0
0
0
0
-0
-0
-0
-0
-0
0
0
0
0
0
0
-0
-0
-0
-0
-0
0
0
0
0
0
-0
-0
-0
-0
-0
0
0
0
0
0
-0
-0
-0
-0
-0
0
0
0
0
0
-0
-0
-0
-0
-0
0
0
0
0
0
-0
-0
-0
-0
-0
0
0
0
4.1867
1.81382
-1.23671
-3.8252
-4.98459
-4.28174
-1.97922
1.06273
3.70765
4.96738
4.3713
2.1421
-0.88739
-3.58535
-4.94383
-4.45528
-2.30224
0.710917
3.45848
4.91395
4.53357
2.45944
-0.533534
-3.32718
-4.87779
-4.60605
-2.61349
0.35547
3.19163
4.83539
4.67265
2.7642
-0.176951
-3.052
-4.78682
-4.73328
-2.91138
-0.00179438
2.90846
4.73212
4.78785
3.05484
0.180537
-2.76121
-4.67137
-4.8363
-3.19439
-0.359049
2.61043
4.60466
4.87858
3.32986
0.537102
-2.45631
-4.53205
-4.91461
-3.46107
-0.714469
2.29906
4.45365
4.94436
3.58785
0.890922
-2.13886
-4.36956
-4.96779
-3.71005
-1.06624
1.97593
4.27988
4.98487
3.82751
1.24019
-1.81047
-4.18473
-4.99558
-3.94007
-1.41255
1.6427
4.08424
4.9999
4.0476
1.58311
-1.47283
-3.97852
-4.99783
-4.14995
-1.75165
1.30107
3.86771
4.98937
4.247
1.91794
-1.12765
-3.75196
-4.97453
-4.33862
-2.08179
0.952794
3.63141
4.95333
4.42469
2.24297
-0.776716
-3.50622
-4.9258
-4.5051
-2.40129
0.599646
3.37655
4.89198
4.57976
2.55654
-0.421809
-3.24257
-4.8519
-4.64856
-2.70851
0.243432
3.10443
4.80561
4.71142
2.85703
-0.0647446
-2.96233
-4.75319
-4.76825
-3.00189
-0.114026
2.81644
4.69468
4.81899
3.14292
0.29265
-2.66695
-4.63018
-4.86357
-3.27993
-0.470901
2.51405
4.55976
4.90193
3.41274
0.648549
-2.35794
-4.4835
-4.93403
-3.54119
-0.825369
2.19881
4.40152
4.95981
3.66512
1.00113
-2.03688
-4.31391
-4.97926
-3.78436
-1.17562
1.87233
4.22078
4.99234
3.89876
1.3486
-1.7054
-4.12226
-4.99904
-4.00818
-1.51986
1.53628
4.01847
4.99935
4.11247
1.68917
-1.3652
-3.90954
-4.99327
-4.21151
-1.85633
1.19238
3.79561
4.9808
4.30516
2.02111
-1.01803
-3.67683
-4.96197
-4.39331
-2.18331
0.842379
3.55335
4.93679
4.47584
2.34271
-0.665651
-3.42533
-4.9053
-4.55265
-2.49913
0.488073
3.29293
4.86754
4.62364
2.65234
-0.309871
-3.15632
-4.82356
-4.68872
-2.80217
0.131272
3.01567
4.77341
4.74781
2.94841
0.0474941
-2.87117
-4.71716
-4.80082
-3.09089
-0.2262
2.723
4.65488
4.8477
3.22941
0.404616
-2.57135
-4.58665
-4.88838
-3.36381
-0.582515
2.41641
4.51256
4.92281
3.4939
0.75967
-2.25838
-4.43269
-4.95095
-3.61953
-0.935853
2.09746
4.34716
4.97276
3.74053
1.11084
-1.93387
-4.25608
-4.98822
-3.85675
-1.28441
1.7678
4.15955
4.99729
3.96804
1.45633
-1.59947
-4.0577
-4.99998
-4.07426
-1.62639
1.42909
3.95067
4.99628
4.17527
1.79438
-1.25689
-3.83859
-4.98618
-4.27094
-1.96007
1.08308
3.7216
4.96972
4.36115
2.12325
-0.907892
-3.59985
-4.9469
-4.44578
-2.28372
0.731539
3.4735
4.91776
4.52474
2.44127
-0.554251
-3.34271
-4.88233
-4.5979
-2.5957
0.376254
3.20764
4.84065
4.66519
2.74681
-0.197776
-3.06848
-4.79279
-4.72652
-2.89441
0.0190459
2.92539
4.73881
4.7818
3.03831
0.159709
-2.77856
-4.67876
-4.83097
-3.17833
-0.33826
2.62818
4.61274
4.87397
3.31428
0.516378
-2.47445
-4.54081
-4.91073
-3.446
-0.693836
2.31754
4.46309
4.94122
3.57331
0.870407
-2.15768
-4.37965
-4.96539
-3.69605
-1.04587
1.99505
4.29062
4.98321
3.81407
1.21999
-1.82988
-4.1961
-4.99466
-3.92721
-1.39255
1.66237
4.09622
4.99973
4.03533
1.56333
-1.49273
-3.9911
-4.9984
-4.13829
-1.73211
1.32118
3.88088
4.99069
4.23596
1.89868
-1.14795
-3.7657
-4.97659
-4.32822
-2.06282
0.973244
3.64571
4.95613
4.41494
2.22433
-0.797297
-3.52105
-4.92934
-4.49602
-2.38299
0.620331
3.39189
4.89624
4.57135
2.5386
-0.442571
-3.2584
-4.85689
-4.64084
-2.69097
0.264246
3.12074
4.81133
4.7044
2.8399
-0.0855826
-2.97909
-4.75961
-4.76194
-2.9852
-0.0931899
2.83364
4.70181
4.81339
3.12668
0.271843
-2.68456
-4.63801
-4.85869
-3.26417
-0.450149
2.53205
4.56827
4.89778
3.39748
0.62788
-2.3763
-4.49269
-4.93061
-3.52645
-0.804807
2.21751
4.41137
4.95713
3.65091
0.980706
-2.05589
-4.32441
-4.97732
-3.7707
-1.15535
1.89164
4.23192
4.99114
3.88568
1.32852
-1.72497
-4.13402
-4.99859
-3.99568
-1.49999
1.5561
4.03083
4.99964
4.10058
1.66954
-1.38524
-3.92249
-4.9943
-4.20024
-1.83696
1.21261
3.80914
4.98258
4.29452
2.00203
-1.03842
-3.69092
-4.96449
-4.38332
-2.16454
0.862914
3.56798
4.94005
4.46651
2.32428
-0.6863
-3.44048
-4.9093
-4.54399
-2.48105
0.50881
3.30858
4.87227
4.61567
2.63465
-0.330668
-3.17245
-4.82901
-4.68144
-2.78489
0.152104
3.03227
4.77957
4.74123
2.93156
0.0266543
-2.88821
-4.72403
-4.79496
-3.07448
-0.205379
2.74045
4.66245
4.84255
3.21348
0.383841
-2.5892
-4.59491
-4.88396
-3.34836
-0.561812
2.43463
4.52149
4.91912
3.47897
0.739065
-2.27695
-4.4423
-4.948
-3.60512
-0.915373
2.11636
4.35742
4.97055
3.72667
1.09051
-1.95307
-4.26698
-4.98674
-3.84346
-1.26425
1.78728
4.17108
4.99656
3.95533
1.43638
-1.6192
-4.06985
-5
-4.06214
-1.60667
1.44905
3.96341
4.99704
4.16377
1.77491
-1.27705
-3.85191
-4.98769
-4.26007
-1.94088
1.10342
3.73548
4.97196
4.35092
2.10437
-0.928378
-3.61428
-4.94988
-4.43621
-2.26516
0.752149
3.48846
4.92148
4.51583
2.42307
-0.574958
-3.35818
-4.88678
-4.58968
-2.57787
0.397032
3.2236
4.84583
4.65766
2.72938
-0.218599
-3.08491
-4.79869
-4.71968
-2.8774
0.0398859
2.94227
4.74541
4.77567
3.02174
0.138878
-2.79587
-4.68607
-4.82556
-3.16221
-0.317464
2.64589
4.62074
4.86928
3.29865
0.495645
-2.49253
-4.5495
-4.90677
-3.43087
-0.673191
2.33599
4.47244
4.93799
3.5587
0.849878
-2.17646
-4.38967
-4.9629
-3.68198
-1.02548
2.01415
4.30128
4.98146
3.80056
1.19977
-1.84926
-4.2074
-4.99365
-3.91428
-1.37252
1.68201
4.10814
4.99946
4.02299
1.54352
-1.51261
-4.00362
-4.99888
-4.12656
-1.71255
1.34127
3.89399
4.99191
4.22485
1.87939
-1.16822
-3.77938
-4.97856
-4.31775
-2.04382
0.993678
3.65994
4.95884
4.40512
2.20564
-0.817864
-3.53582
-4.93279
-4.48687
-2.36465
0.641004
3.40718
4.90043
4.56287
2.52063
-0.463326
-3.27418
-4.8618
-4.63305
-2.67338
0.285055
3.137
4.81696
4.6973
2.82272
-0.106419
-2.9958
-4.76596
-4.75554
-2.96846
-0.0723524
2.85078
4.70886
4.80771
3.11039
0.251031
-2.70212
-4.64575
-4.85373
-3.24835
-0.42939
2.54999
4.5767
4.89355
3.38216
0.607199
-2.39461
-4.5018
-4.92711
-3.51164
-0.784232
2.23617
4.42114
4.95437
3.63664
0.960262
-2.07487
-4.33483
-4.97529
-3.75699
-1.13506
1.91092
4.24298
4.98986
3.87253
1.30842
-1.74452
-4.1457
-4.99805
-3.98312
-1.4801
1.57589
4.04313
4.99985
4.08862
1.64988
-1.40525
-3.93538
-4.99525
-4.18889
-1.81756
1.23281
3.82261
4.98428
4.28381
1.98291
-1.0588
-3.70495
-4.96692
-4.37325
-2.14573
0.883434
3.58255
4.94322
4.45711
2.30581
-0.706937
-3.45557
-4.9132
-4.53526
-2.46294
0.529537
3.32418
4.8769
4.60762
2.61692
-0.35146
-3.18853
-4.83437
-4.67408
-2.76755
0.172933
3.04881
4.78565
4.73457
2.91465
0.0058141
-2.90519
-4.73082
-4.78901
-3.05802
-0.184554
2.75786
4.66994
4.83732
3.19748
0.363058
-2.607
-4.60309
-4.87945
-3.33286
-0.541099
2.45281
4.53035
4.91535
3.46397
0.718447
-2.29549
-4.45182
-4.94496
-3.59065
-0.894877
2.13523
4.36761
4.96825
3.71275
1.07016
-1.97223
-4.2778
-4.98518
-3.83009
-1.24408
1.80672
4.18253
4.99575
3.94255
1.41641
-1.6389
-4.08192
-4.99992
-4.04996
-1.58692
1.46898
3.97608
4.99771
4.15219
1.75541
-1.29719
-3.86516
-4.98911
-4.24912
-1.92166
1.12374
3.7493
4.97413
4.34061
2.08544
-0.948848
-3.62865
-4.95279
-4.42656
-2.24657
0.772745
3.50336
4.92511
4.50684
2.40481
-0.595655
-3.37359
-4.89115
-4.58137
-2.55999
0.417803
3.2395
4.85092
4.65004
2.71189
-0.239417
-3.10128
-4.8045
-4.71276
-2.86033
0.0607252
2.95909
4.75194
4.76946
3.00511
0.118044
-2.81312
-4.6933
-4.82006
-3.14604
-0.296663
2.66355
4.62866
4.8645
3.28296
0.474903
-2.51058
-4.5581
-4.90272
-3.41568
-0.652535
2.3544
4.48172
4.93467
3.54403
0.829333
-2.1952
-4.39961
-4.96032
-3.66785
-1.00507
2.0332
4.31187
4.97962
3.78698
1.17952
-1.86861
-4.21862
-4.99256
-3.90127
-1.35247
1.70162
4.11998
4.99912
4.01058
1.52369
-1.53246
-4.01607
-4.99928
-4.11476
-1.69295
1.36134
3.90703
4.99305
4.21367
1.86006
-1.18847
-3.79299
-4.98045
-4.3072
-2.02478
1.01409
3.67411
4.96147
4.39523
2.18692
-0.838416
-3.55052
-4.93615
-4.47763
-2.34626
0.661667
3.4224
4.90452
4.55431
2.50261
-0.484072
-3.2899
-4.86662
-4.62517
-2.65575
0.305859
3.1532
4.8225
4.69011
2.8055
-0.127254
-3.01246
-4.77222
-4.74906
-2.95166
-0.0515136
2.86788
4.71583
4.80194
3.09405
0.230215
-2.71963
-4.65341
-4.84868
-3.23248
-0.408622
2.5679
4.58505
4.88923
3.36678
0.586507
-2.41289
-4.51083
-4.92352
-3.49678
-0.763642
2.25479
4.43083
4.95151
3.62231
0.939801
-2.09381
-4.34518
-4.97318
-3.7432
-1.11476
1.93016
4.25397
4.98849
3.85931
1.28829
-1.76404
-4.15732
-4.99742
-3.97049
-1.46018
1.59566
4.05535
4.99997
4.07659
1.6302
-1.42524
-3.94821
-4.99612
-4.17748
-1.79813
1.253
3.83601
4.98588
4.27303
1.96377
-1.07916
-3.71891
-4.96927
-4.36311
-2.12689
0.903939
3.59706
4.94631
4.44762
2.2873
-0.727562
-3.47061
-4.91703
-4.52645
-2.44478
0.550256
3.33972
4.88146
4.59948
2.59914
-0.372246
-3.20456
-4.83965
-4.66664
-2.75017
0.19376
3.0653
